DOP, Force
-0.00460327, 0
-0.00460327, 0
-0.00460327, 0
-0.00460327, 0
-0.00460327, 0
-0.00460327, 0
-0.00460327, 0
-0.00428344, 0
-0.00428344, 0
-0.00428344, 0
-0.00428344, 0
-0.00428344, 0
-0.00396352, 0
-0.00396352, 0
-0.00396352, 0
-0.00396352, 0
-0.00396352, 0
-0.00363296, 0
-0.00363296, 0
-0.00363296, 0
-0.00363296, 0
-0.00363296, 0
-0.00329332, 0
-0.00329332, 0
-0.00329332, 0
-0.00329332, 0
-0.00329332, 0
-0.00294575, 0
-0.00294575, 0
-0.00294575, 0
-0.00294575, 0
-0.00294575, 0
-0.00260906, 0
-0.00260906, 0
-0.00260906, 0
-0.00260906, 0
-0.00260906, 0
-0.00231331, 0
-0.00231331, 0
-0.00231331, 0
-0.00231331, 0
-0.00231331, 0
-0.00208288, 0
-0.00208288, 0
-0.00208288, 0
-0.00208288, 0
-0.00208288, 0
-0.00208288, 0
-0.00190006, 0
-0.00190006, 0
-0.00190006, 0
-0.00190006, 0
-0.00190006, 0
-0.00175581, 0
-0.00175581, 0
-0.00175581, 0
-0.00175581, 0
-0.00175581, 0
-0.00164406, 0
-0.00164406, 0
-0.00164406, 0
-0.00164406, 0
-0.00164406, 0
-0.00156163, 0
-0.00156163, 0
-0.00156163, 0
-0.00156163, 0
-0.00156163, 0
-0.00150534, 0
-0.00150534, 0
-0.00150534, 0
-0.00150534, 0
-0.00150534, 0
-0.00147286, 0
-0.00147286, 0
-0.00147286, 0
-0.00147286, 0
-0.00147286, 0
-0.00142365, 0
-0.00142365, 0
-0.00142365, 0
-0.00142365, 0
-0.00142365, 0
-0.00136655, 0
-0.00136655, 0
-0.00136655, 0
-0.00136655, 0
-0.00136655, 0
-0.00133863, 0
-0.00133863, 0
-0.00133863, 0
-0.00133863, 0
-0.00133863, 0
-0.00133863, 0
-0.00131395, 0
-0.00131395, 0
-0.00131395, 0
-0.00131395, 0
-0.00131395, 0
-0.00125727, 0
-0.00125727, 0
-0.00125727, 0
-0.00125727, 0
-0.00125727, 0
-0.00115961, 0
-0.00115961, 0
-0.00115961, 0
-0.00115961, 0
-0.00115961, 0
-0.0010324, 0
-0.0010324, 0
-0.0010324, 0
-0.0010324, 0
-0.0010324, 0
-0.000905872, 0
-0.000905872, 0
-0.000905872, 0
-0.000905872, 0
-0.000905872, 0
-0.000775739, 0
-0.000775739, 0
-0.000775739, 0
-0.000775739, 0
-0.000775739, 0
-0.000648021, 0
-0.000648021, 0
-0.000648021, 0
-0.000648021, 0
-0.000648021, 0
-0.000510052, 0
-0.000510052, 0
-0.000510052, 0
-0.000510052, 0
-0.000510052, 0
-0.000327742, 0
-0.000327742, 0
-0.000327742, 0
-0.000327742, 0
-0.000327742, 0
-0.000327742, 0
-0.00014925, 0
-0.00014925, 0
-0.00014925, 0
-0.00014925, 0
-0.00014925, 0
5.75826e-05, 0.0135607
5.75826e-05, 0.0135607
5.75826e-05, 0.0135607
5.75826e-05, 0.0135607
5.75826e-05, 0.0135607
0.000240037, 0.0157245
0.000240037, 0.0157245
0.000240037, 0.0157245
0.000240037, 0.0157245
0.000240037, 0.0157245
0.000398862, 0.0191683
0.000398862, 0.0191683
0.000398862, 0.0191683
0.000398862, 0.0191683
0.000398862, 0.0191683
0.000540076, 0.0229222
0.000540076, 0.0229222
0.000540076, 0.0229222
0.000540076, 0.0229222
0.000540076, 0.0229222
0.000695475, 0.0273589
0.000695475, 0.0273589
0.000695475, 0.0273589
0.000695475, 0.0273589
0.000695475, 0.0273589
0.000903439, 0.033513
0.000903439, 0.033513
0.000903439, 0.033513
0.000903439, 0.033513
0.000903439, 0.033513
0.00116748, 0.0416347
0.00116748, 0.0416347
0.00116748, 0.0416347
0.00116748, 0.0416347
0.00116748, 0.0416347
0.00148075, 0.0515673
0.00148075, 0.0515673
0.00148075, 0.0515673
0.00148075, 0.0515673
0.00148075, 0.0515673
0.00148075, 0.0515673
0.00180659, 0.0621338
0.00180659, 0.0621338
0.00180659, 0.0621338
0.00180659, 0.0621338
0.00180659, 0.0621338
0.00210955, 0.0721098
0.00210955, 0.0721098
0.00210955, 0.0721098
0.00210955, 0.0721098
0.00210955, 0.0721098
0.00241909, 0.0823571
0.00241909, 0.0823571
0.00241909, 0.0823571
0.00241909, 0.0823571
0.00241909, 0.0823571
0.00271713, 0.0922863
0.00271713, 0.0922863
0.00271713, 0.0922863
0.00271713, 0.0922863
0.00271713, 0.0922863
0.00299032, 0.101432
0.00299032, 0.101432
0.00299032, 0.101432
0.00299032, 0.101432
0.00299032, 0.101432
0.00324623, 0.110018
0.00324623, 0.110018
0.00324623, 0.110018
0.00324623, 0.110018
0.00324623, 0.110018
0.00347198, 0.117622
0.00347198, 0.117622
0.00347198, 0.117622
0.00347198, 0.117622
0.00347198, 0.117622
0.00367347, 0.124422
0.00367347, 0.124422
0.00367347, 0.124422
0.00367347, 0.124422
0.00367347, 0.124422
0.00385354, 0.130512
0.00385354, 0.130512
0.00385354, 0.130512
0.00385354, 0.130512
0.00385354, 0.130512
0.00385354, 0.130512
0.00401544, 0.135997
0.00401544, 0.135997
0.00401544, 0.135997
0.00401544, 0.135997
0.00401544, 0.135997
0.00417784, 0.141484
0.00417784, 0.141484
0.00417784, 0.141484
0.00417784, 0.141484
0.00417784, 0.141484
0.00436351, 0.147725
0.00436351, 0.147725
0.00436351, 0.147725
0.00436351, 0.147725
0.00436351, 0.147725
0.004537, 0.153575
0.004537, 0.153575
0.004537, 0.153575
0.004537, 0.153575
0.004537, 0.153575
0.00470262, 0.159156
0.00470262, 0.159156
0.00470262, 0.159156
0.00470262, 0.159156
0.00470262, 0.159156
0.00484485, 0.163966
0.00484485, 0.163966
0.00484485, 0.163966
0.00484485, 0.163966
0.00484485, 0.163966
0.00498672, 0.16875
0.00498672, 0.16875
0.00498672, 0.16875
0.00498672, 0.16875
0.00498672, 0.16875
0.00514677, 0.174124
0.00514677, 0.174124
0.00514677, 0.174124
0.00514677, 0.174124
0.00514677, 0.174124
0.00531975, 0.179925
0.00531975, 0.179925
0.00531975, 0.179925
0.00531975, 0.179925
0.00531975, 0.179925
0.00531975, 0.179925
0.00550158, 0.186019
0.00550158, 0.186019
0.00550158, 0.186019
0.00550158, 0.186019
0.00550158, 0.186019
0.00569131, 0.192373
0.00569131, 0.192373
0.00569131, 0.192373
0.00569131, 0.192373
0.00569131, 0.192373
0.00586876, 0.198328
0.00586876, 0.198328
0.00586876, 0.198328
0.00586876, 0.198328
0.00586876, 0.198328
0.00611067, 0.20639
0.00611067, 0.20639
0.00611067, 0.20639
0.00611067, 0.20639
0.00611067, 0.20639
0.00636366, 0.214851
0.00636366, 0.214851
0.00636366, 0.214851
0.00636366, 0.214851
0.00636366, 0.214851
0.00662672, 0.223649
0.00662672, 0.223649
0.00662672, 0.223649
0.00662672, 0.223649
0.00662672, 0.223649
0.00690888, 0.233085
0.00690888, 0.233085
0.00690888, 0.233085
0.00690888, 0.233085
0.00690888, 0.233085
0.00718836, 0.242447
0.00718836, 0.242447
0.00718836, 0.242447
0.00718836, 0.242447
0.00718836, 0.242447
0.00746003, 0.251557
0.00746003, 0.251557
0.00746003, 0.251557
0.00746003, 0.251557
0.00746003, 0.251557
0.00746003, 0.251557
0.00774622, 0.261146
0.00774622, 0.261146
0.00774622, 0.261146
0.00774622, 0.261146
0.00774622, 0.261146
0.00806136, 0.271702
0.00806136, 0.271702
0.00806136, 0.271702
0.00806136, 0.271702
0.00806136, 0.271702
0.00834421, 0.281211
0.00834421, 0.281211
0.00834421, 0.281211
0.00834421, 0.281211
0.00834421, 0.281211
0.00861505, 0.290309
0.00861505, 0.290309
0.00861505, 0.290309
0.00861505, 0.290309
0.00861505, 0.290309
0.00886598, 0.29875
0.00886598, 0.29875
0.00886598, 0.29875
0.00886598, 0.29875
0.00886598, 0.29875
0.009065, 0.30547
0.009065, 0.30547
0.009065, 0.30547
0.009065, 0.30547
0.009065, 0.30547
0.00922541, 0.310892
0.00922541, 0.310892
0.00922541, 0.310892
0.00922541, 0.310892
0.00922541, 0.310892
0.00937294, 0.315875
0.00937294, 0.315875
0.00937294, 0.315875
0.00937294, 0.315875
0.00937294, 0.315875
0.00948886, 0.319808
0.00948886, 0.319808
0.00948886, 0.319808
0.00948886, 0.319808
0.00948886, 0.319808
0.00948886, 0.319808
0.00959673, 0.323457
0.00959673, 0.323457
0.00959673, 0.323457
0.00959673, 0.323457
0.00959673, 0.323457
0.0096856, 0.326474
0.0096856, 0.326474
0.0096856, 0.326474
0.0096856, 0.326474
0.0096856, 0.326474
0.00974976, 0.328664
0.00974976, 0.328664
0.00974976, 0.328664
0.00974976, 0.328664
0.00974976, 0.328664
0.00979297, 0.330149
0.00979297, 0.330149
0.00979297, 0.330149
0.00979297, 0.330149
0.00979297, 0.330149
0.00982763, 0.331341
0.00982763, 0.331341
0.00982763, 0.331341
0.00982763, 0.331341
0.00982763, 0.331341
0.00986357, 0.332569
0.00986357, 0.332569
0.00986357, 0.332569
0.00986357, 0.332569
0.00986357, 0.332569
0.0098816, 0.333204
0.0098816, 0.333204
0.0098816, 0.333204
0.0098816, 0.333204
0.0098816, 0.333204
0.00992029, 0.334506
0.00992029, 0.334506
0.00992029, 0.334506
0.00992029, 0.334506
0.00992029, 0.334506
0.00997426, 0.336318
0.00997426, 0.336318
0.00997426, 0.336318
0.00997426, 0.336318
0.00997426, 0.336318
0.00997426, 0.336318
0.0100747, 0.339663
0.0100747, 0.339663
0.0100747, 0.339663
0.0100747, 0.339663
0.0100747, 0.339663
0.0102214, 0.344548
0.0102214, 0.344548
0.0102214, 0.344548
0.0102214, 0.344548
0.0102214, 0.344548
0.0103765, 0.34973
0.0103765, 0.34973
0.0103765, 0.34973
0.0103765, 0.34973
0.0103765, 0.34973
0.0105323, 0.354937
0.0105323, 0.354937
0.0105323, 0.354937
0.0105323, 0.354937
0.0105323, 0.354937
0.0106913, 0.360254
0.0106913, 0.360254
0.0106913, 0.360254
0.0106913, 0.360254
0.0106913, 0.360254
0.0108649, 0.366062
0.0108649, 0.366062
0.0108649, 0.366062
0.0108649, 0.366062
0.0108649, 0.366062
0.0110341, 0.371733
0.0110341, 0.371733
0.0110341, 0.371733
0.0110341, 0.371733
0.0110341, 0.371733
0.0112018, 0.377357
0.0112018, 0.377357
0.0112018, 0.377357
0.0112018, 0.377357
0.0112018, 0.377357
0.0113602, 0.382674
0.0113602, 0.382674
0.0113602, 0.382674
0.0113602, 0.382674
0.0113602, 0.382674
0.0113602, 0.382674
0.0115314, 0.388416
0.0115314, 0.388416
0.0115314, 0.388416
0.0115314, 0.388416
0.0115314, 0.388416
0.0117272, 0.394978
0.0117272, 0.394978
0.0117272, 0.394978
0.0117272, 0.394978
0.0117272, 0.394978
0.0118959, 0.400657
0.0118959, 0.400657
0.0118959, 0.400657
0.0118959, 0.400657
0.0118959, 0.400657
0.0120817, 0.406891
0.0120817, 0.406891
0.0120817, 0.406891
0.0120817, 0.406891
0.0120817, 0.406891
0.0122718, 0.413278
0.0122718, 0.413278
0.0122718, 0.413278
0.0122718, 0.413278
0.0122718, 0.413278
0.0124542, 0.419412
0.0124542, 0.419412
0.0124542, 0.419412
0.0124542, 0.419412
0.0124542, 0.419412
0.0126595, 0.426304
0.0126595, 0.426304
0.0126595, 0.426304
0.0126595, 0.426304
0.0126595, 0.426304
0.0128458, 0.43258
0.0128458, 0.43258
0.0128458, 0.43258
0.0128458, 0.43258
0.0128458, 0.43258
0.0130457, 0.439293
0.0130457, 0.439293
0.0130457, 0.439293
0.0130457, 0.439293
0.0130457, 0.439293
0.0130457, 0.439293
0.0132189, 0.445137
0.0132189, 0.445137
0.0132189, 0.445137
0.0132189, 0.445137
0.0132189, 0.445137
0.0133822, 0.450639
0.0133822, 0.450639
0.0133822, 0.450639
0.0133822, 0.450639
0.0133822, 0.450639
0.0135565, 0.4565
0.0135565, 0.4565
0.0135565, 0.4565
0.0135565, 0.4565
0.0135565, 0.4565
0.0137082, 0.461623
0.0137082, 0.461623
0.0137082, 0.461623
0.0137082, 0.461623
0.0137082, 0.461623
0.0138803, 0.467405
0.0138803, 0.467405
0.0138803, 0.467405
0.0138803, 0.467405
0.0138803, 0.467405
0.0140305, 0.472474
0.0140305, 0.472474
0.0140305, 0.472474
0.0140305, 0.472474
0.0140305, 0.472474
0.0142089, 0.478464
0.0142089, 0.478464
0.0142089, 0.478464
0.0142089, 0.478464
0.0142089, 0.478464
0.0144695, 0.00730858
0.0144695, 0.00730512
0.0144695, 0.0073018
0.0144695, 0.00729891
0.0144695, 0.00729675
0.0149868, 0.00755409
0.0149868, 0.00755463
0.0149868, 0.00755752
0.0149868, 0.00756361
0.0149868, 0.00757386
0.0149868, 0.00758925
0.0158773, 0.00805963
0.0158773, 0.00809023
0.0158773, 0.00813006
0.0158773, 0.00818077
0.0158773, 0.00824405
0.0172975, 0.00903817
0.0172975, 0.00914007
0.0172975, 0.00926194
0.0172975, 0.00940632
0.0172975, 0.00957578
0.0183826, 0.0103772
0.0183826, 0.0106177
0.0183826, 0.0108911
0.0183826, 0.0111983
0.0183826, 0.0115395
0.0197521, 0.0127969
0.0197521, 0.0132356
0.0197521, 0.0137092
0.0197521, 0.0142169
0.0197521, 0.0147576
0.0205924, 0.0160026
0.0205924, 0.0166306
0.0205924, 0.0172866
0.0205924, 0.017967
0.0205924, 0.0186678
0.0213055, 0.020073
0.0213055, 0.0208267
0.0213055, 0.021587
0.0213055, 0.0223486
0.0213055, 0.0231066
0.0220018, 0.0246448
0.0220018, 0.0254057
0.0220018, 0.0261489
0.0220018, 0.0268706
0.0220018, 0.0275675
0.0225967, 0.0290052
0.0225967, 0.0296618
0.0225967, 0.0302855
0.0225967, 0.0308746
0.0225967, 0.031428
0.0231923, 0.0327713
0.0231923, 0.0332633
0.0231923, 0.0337173
0.0231923, 0.0341335
0.0231923, 0.0345125
0.0231923, 0.0348554
0.0237931, 0.0360455
0.0237931, 0.0363268
0.0237931, 0.0365753
0.0237931, 0.0367931
0.0237931, 0.036982
0.0243998, 0.0380463
0.0243998, 0.0381872
0.0243998, 0.0383051
0.0243998, 0.0384024
0.0243998, 0.0384812
0.0250101, 0.0394525
0.0250101, 0.0395021
0.0250101, 0.0395392
0.0250101, 0.039566
0.0250101, 0.0395843
0.0256241, 0.0405046
0.0256241, 0.0405114
0.0256241, 0.0405146
0.0256241, 0.0405157
0.0256241, 0.0405159
0.0262432, 0.0414314
0.0262432, 0.0414333
0.0262432, 0.0414374
0.0262432, 0.0414445
0.0262432, 0.0414553
0.0268666, 0.042397
0.0268666, 0.0424172
0.0268666, 0.0424427
0.0268666, 0.0424735
0.0268666, 0.04251
0.0274956, 0.0434973
0.0274956, 0.0435463
0.0274956, 0.0436012
0.0274956, 0.0436618
0.0274956, 0.0437281
0.0281272, 0.0447648
0.0281272, 0.0448434
0.0281272, 0.0449272
0.0281272, 0.0450159
0.0281272, 0.0451091
0.0287603, 0.046191
0.0287603, 0.0462948
0.0287603, 0.0464025
0.0287603, 0.0465136
0.0287603, 0.0466279
0.0287603, 0.0467451
0.0293999, 0.0478808
0.0293999, 0.0480056
0.0293999, 0.0481327
0.0293999, 0.0482616
0.0293999, 0.0483924
0.0300438, 0.0495732
0.0300438, 0.04971
0.0300438, 0.0498482
0.0300438, 0.0499878
0.0300438, 0.0501288
0.0306903, 0.0513544
0.0306903, 0.0515011
0.0306903, 0.0516492
0.0306903, 0.0517988
0.0306903, 0.0519499
0.0313385, 0.0532205
0.0313385, 0.0533782
0.0313385, 0.0535378
0.0313385, 0.0536992
0.0313385, 0.0538626
0.0319805, 0.0551762
0.0319805, 0.0553473
0.0319805, 0.0555204
0.0319805, 0.0556954
0.0319805, 0.0558718
0.0326264, 0.0572258
0.0326264, 0.057408
0.0326264, 0.0575904
0.0326264, 0.0577725
0.0326264, 0.0579537
0.0332645, 0.0592943
0.0332645, 0.059475
0.0332645, 0.0596521
0.0332645, 0.0598242
0.0332645, 0.0599899
0.0339053, 0.0613872
0.0339053, 0.0615386
0.0339053, 0.0616792
0.0339053, 0.0618081
0.0339053, 0.0619248
0.0345363, 0.063316
0.0345363, 0.0634097
0.0345363, 0.0634909
0.0345363, 0.0635598
0.0345363, 0.063617
0.0345363, 0.0636634
0.0345363, 0.0636998
0.0351654, 0.0650827
0.0351654, 0.0651041
0.0351654, 0.0651201
0.0351654, 0.0651327
0.0351654, 0.0651441
0.0350162, 0.0652541
0.0350162, 0.0652683
0.0350162, 0.0652839
0.0350162, 0.0652993
0.0350162, 0.0653119
0.03483, 0.0653904
0.03483, 0.0653892
0.03483, 0.0653776
0.03483, 0.0653538
0.03483, 0.0653166
0.0346424, 0.0653459
0.0346424, 0.0652803
0.0346424, 0.0652008
0.0346424, 0.065108
0.0346424, 0.065003
0.0344677, 0.0649071
0.0344677, 0.0647815
0.0344677, 0.0646478
0.0344677, 0.0645073
0.0344677, 0.0643611
0.0342989, 0.0641257
0.0342989, 0.0639704
0.0342989, 0.0638103
0.0342989, 0.063645
0.0342989, 0.0634731
0.03413, 0.06314
0.03413, 0.0629503
0.03413, 0.062748
0.03413, 0.0625307
0.03413, 0.0622957
0.0339668, 0.0618262
0.0339668, 0.0615488
0.0339668, 0.0612461
0.0339668, 0.0609158
0.0339668, 0.0605561
0.0339668, 0.0601652
0.0338049, 0.0595068
0.0338049, 0.0590525
0.0338049, 0.058565
0.0338049, 0.0580443
0.0338049, 0.0574911
0.0336428, 0.0566944
0.0336428, 0.0560814
0.0336428, 0.05544
0.0336428, 0.0547721
0.0336428, 0.0540802
0.033481, 0.0531909
0.033481, 0.0524613
0.033481, 0.0517161
0.033481, 0.0509584
0.033481, 0.0501915
0.0333196, 0.0492744
0.0333196, 0.0485008
0.0333196, 0.0477274
0.0333196, 0.0469572
0.0333196, 0.0461929
0.0331594, 0.0453077
0.0331594, 0.0445652
0.0331594, 0.0438359
0.0331594, 0.0431216
0.0331594, 0.0424239
0.0330017, 0.0416184
0.0330017, 0.0409599
0.0330017, 0.0403213
0.0330017, 0.0397029
0.0330017, 0.0391052
0.0328434, 0.0384153
0.0328434, 0.0378602
0.0328434, 0.0373253
0.0328434, 0.03681
0.0328434, 0.0363139
0.0326846, 0.0357346
0.0326846, 0.0352761
0.0326846, 0.0348347
0.0326846, 0.0344096
0.0326846, 0.034
0.0325253, 0.0335113
0.0325253, 0.0331317
0.0325253, 0.0327654
0.0325253, 0.0324116
0.0325253, 0.0320698
0.0325253, 0.0317391
0.0323667, 0.0313236
0.0323667, 0.0310144
0.0323667, 0.0307144
0.0323667, 0.0304229
0.0323667, 0.0301392
0.0322096, 0.0297586
0.0322096, 0.0294894
0.0322096, 0.0292258
0.0322096, 0.0289671
0.0322096, 0.0287123
0.0320497, 0.0283619
0.0320497, 0.0281137
0.0320497, 0.0278672
0.0320497, 0.027622
0.0320497, 0.0273775
0.0206811, 0.0180539
0.0206811, 0.0178839
0.0206811, 0.0176964
0.0206811, 0.0174762
0.0206811, 0.017208
0.0198684, 0.0159285
0.0198684, 0.0155659
0.0198684, 0.0151672
0.0198684, 0.01477
0.0198684, 0.014432
0.0210473, 0.0148953
0.0210473, 0.0149107
0.0210473, 0.0152337
0.0210473, 0.0159138
0.0210473, 0.016958
0.0212405, 0.0183778
0.0212405, 0.0200258
0.0212405, 0.0218726
0.0212405, 0.0238473
0.0212405, 0.025886
0.0212828, 0.0277651
0.0212828, 0.0297622
0.0212828, 0.0316834
0.0212828, 0.0334984
0.0212828, 0.035183
0.0211868, 0.0363024
0.0211868, 0.0376615
0.0211868, 0.0388528
0.0211868, 0.0398721
0.0211868, 0.0407189
0.0211868, 0.0413957
0.0210625, 0.0414155
0.0210625, 0.0417651
0.0210625, 0.0419675
0.0210625, 0.042033
0.0210625, 0.0419731
0.0210276, 0.0415187
0.0210276, 0.0412461
0.0210276, 0.0408856
0.0210276, 0.0404497
0.0210276, 0.0399504
0.0211242, 0.0394173
0.0211242, 0.0388253
0.0211242, 0.0382027
0.0211242, 0.0375588
0.0211242, 0.0369021
0.0213217, 0.0364602
0.0213217, 0.0357955
0.0213217, 0.0351376
0.0213217, 0.0344914
0.0213217, 0.0338605
0.0216092, 0.0336109
0.0216092, 0.0330125
0.0216092, 0.0324364
0.0216092, 0.0318832
0.0216092, 0.0313532
0.0219154, 0.0312223
0.0219154, 0.0307315
0.0219154, 0.0302622
0.0219154, 0.0298131
0.0219154, 0.0293828
0.0222199, 0.0293273
0.0222199, 0.0289247
0.0222199, 0.0285362
0.0222199, 0.0281601
0.0222199, 0.0277949
0.0225157, 0.0277717
0.0225157, 0.0274197
0.0225157, 0.0270746
0.0225157, 0.0267352
0.0225157, 0.0264007
0.0227828, 0.026356
0.0227828, 0.0260253
0.0227828, 0.0256976
0.0227828, 0.0253724
0.0227828, 0.0250497
0.0227828, 0.0247293
0.0230718, 0.0247047
0.0230718, 0.0243854
0.0230718, 0.0240686
0.0230718, 0.0237547
0.0230718, 0.0234437
0.0233474, 0.0234015
0.0233474, 0.0230938
0.0233474, 0.0227898
0.0233474, 0.0224899
0.0233474, 0.0221943
0.0236302, 0.0221616
0.0236302, 0.0218721
0.0236302, 0.0215877
0.0236302, 0.0213086
0.0236302, 0.021035
0.0239168, 0.021015
0.0239168, 0.0207495
0.0239168, 0.0204899
0.0239168, 0.0202362
0.0239168, 0.0199883
0.0242127, 0.0199888
0.0242127, 0.0197497
0.0242127, 0.0195164
0.0242127, 0.0192888
0.0242127, 0.0190667
0.0244853, 0.0190623
0.0244853, 0.0188488
0.0244853, 0.0186405
0.0244853, 0.0184376
0.0244853, 0.0182398
0.0247585, 0.0182491
0.0247585, 0.0180594
0.0247585, 0.0178747
0.0247585, 0.0176949
0.0247585, 0.01752
0.0250735, 0.0175716
0.0250735, 0.0174041
0.0250735, 0.0172413
0.0250735, 0.0170831
0.0250735, 0.0169293
0.025408, 0.0170051
0.025408, 0.0168579
0.025408, 0.0167148
0.025408, 0.0165759
0.025408, 0.016441
0.025408, 0.0163101
0.0257223, 0.0163855
0.0257223, 0.0162611
0.0257223, 0.0161409
0.0257223, 0.016025
0.0257223, 0.0159135
0.0260009, 0.0159799
0.0260009, 0.0158764
0.0260009, 0.0157777
0.0260009, 0.0156838
0.0260009, 0.015595
0.0262524, 0.0156634
0.0262524, 0.0155839
0.0262524, 0.0155095
0.0262524, 0.0154401
0.0262524, 0.0153756
0.0264817, 0.0154519
0.0264817, 0.0153963
0.0264817, 0.015345
0.0264817, 0.0152979
0.0264817, 0.0152545
0.0266916, 0.0153375
0.0266916, 0.0153003
0.0266916, 0.0152659
0.0266916, 0.0152338
0.0266916, 0.0152037
0.0268845, 0.0152871
0.0268845, 0.0152595
0.0268845, 0.0152327
0.0268845, 0.0152064
0.0268845, 0.0151801
0.027071, 0.0152611
0.027071, 0.015234
0.027071, 0.0152064
0.027071, 0.0151778
0.027071, 0.0151481
0.0272401, 0.0152138
0.0272401, 0.0151814
0.0272401, 0.0151476
0.0272401, 0.0151123
0.0272401, 0.0150754
0.0273756, 0.015114
0.0273756, 0.0150738
0.0273756, 0.015032
0.0273756, 0.0149885
0.0273756, 0.0149434
0.0273756, 0.0148965
0.0275041, 0.0149196
0.0275041, 0.014869
0.0275041, 0.0148166
0.0275041, 0.0147625
0.0275041, 0.0147067
0.0276393, 0.0147229
0.0276393, 0.0146634
0.0276393, 0.0146022
0.0276393, 0.0145395
0.0276393, 0.0144754
0.0277691, 0.0144792
0.0277691, 0.0144123
0.0277691, 0.0143442
0.0277691, 0.0142752
0.0277691, 0.0142054
0.0279035, 0.0142047
0.0279035, 0.0141333
0.0279035, 0.0140616
0.0279035, 0.0139896
0.0279035, 0.0139176
0.0280922, 0.0139401
0.0280922, 0.0138679
0.0280922, 0.0137962
0.0280922, 0.0137253
0.0280922, 0.0136556
0.0282934, 0.0136857
0.0282934, 0.0136189
0.0282934, 0.0135543
0.0282934, 0.0134924
0.0282934, 0.0134335
0.0285354, 0.0134928
0.0285354, 0.0134405
0.0285354, 0.0133923
0.0285354, 0.0133486
0.0285354, 0.0133097
0.0287813, 0.0133909
0.0287813, 0.0133625
0.0287813, 0.0133398
0.0287813, 0.0133232
0.0287813, 0.0133129
0.0290517, 0.0134345
0.0290517, 0.0134371
0.0290517, 0.0134464
0.0290517, 0.0134624
0.0290517, 0.0134852
0.0290517, 0.0135147
0.0293162, 0.0136748
0.0293162, 0.013718
0.0293162, 0.0137677
0.0293162, 0.0138237
0.0293162, 0.0138857
0.0295869, 0.0140828
0.0295869, 0.0141566
0.0295869, 0.0142355
0.0295869, 0.0143192
0.0295869, 0.0144073
0.0298363, 0.0146222
0.0298363, 0.0147186
0.0298363, 0.0148182
0.0298363, 0.0149204
0.0298363, 0.0150248
0.0300718, 0.015251
0.0300718, 0.0153591
0.0300718, 0.0154678
0.0300718, 0.0155767
0.0300718, 0.0156853
0.0303151, 0.0159214
0.0303151, 0.0160288
0.0303151, 0.0161345
0.0303151, 0.0162383
0.0303151, 0.0163398
0.0305783, 0.0165821
0.0305783, 0.0166795
0.0305783, 0.0167742
0.0305783, 0.0168663
0.0305783, 0.0169558
0.030857, 0.0171987
0.030857, 0.0172842
0.030857, 0.0173677
0.030857, 0.0174495
0.030857, 0.0175297
0.0311565, 0.0177802
0.0311565, 0.0178593
0.0311565, 0.0179379
0.0311565, 0.0180166
0.0311565, 0.0180956
0.0314694, 0.0183583
0.0314694, 0.01844
0.0314694, 0.0185232
0.0314694, 0.0186083
0.0314694, 0.0186955
0.0314694, 0.0187852
0.0318049, 0.019079
0.0318049, 0.0191752
0.0318049, 0.0192745
0.0318049, 0.019377
0.0318049, 0.019483
0.0321569, 0.0198097
0.0321569, 0.0199242
0.0321569, 0.0200424
0.0321569, 0.0201645
0.0321569, 0.0202904
0.0325126, 0.0206464
0.0325126, 0.0207816
0.0325126, 0.0209206
0.0325126, 0.0210633
0.0325126, 0.0212095
0.0328749, 0.0215976
0.0328749, 0.0217523
0.0328749, 0.02191
0.0328749, 0.0220706
0.0328749, 0.0222338
0.0332158, 0.0226321
0.0332158, 0.0228014
0.0332158, 0.0229724
0.0332158, 0.0231447
0.0332158, 0.0233179
0.0335067, 0.0236979
0.0335067, 0.023873
0.0335067, 0.0240474
0.0335067, 0.0242203
0.0335067, 0.0243912
0.0337615, 0.0247466
0.0337615, 0.0249124
0.0337615, 0.0250738
0.0337615, 0.0252301
0.0337615, 0.0253804
0.0339677, 0.0256807
0.0339677, 0.0258178
0.0339677, 0.0259468
0.0339677, 0.026067
0.0339677, 0.0261777
0.0341362, 0.0264091
0.0341362, 0.0264995
0.0341362, 0.0265788
0.0341362, 0.0266463
0.0341362, 0.0267018
0.0341362, 0.026745
0.034272, 0.0268824
0.034272, 0.0269005
0.034272, 0.0269058
0.034272, 0.0268983
0.034272, 0.0268782
0.0343984, 0.0269445
0.0343984, 0.0268993
0.0343984, 0.026842
0.0343984, 0.026773
0.0343984, 0.0266927
0.0345307, 0.0267038
0.0345307, 0.026602
0.0345307, 0.0264907
0.0345307, 0.0263703
0.0345307, 0.0262418
0.0346817, 0.0262197
0.0346817, 0.0260765
0.0346817, 0.0259276
0.0346817, 0.0257738
0.0346817, 0.0256161
0.0348269, 0.0255616
0.0348269, 0.0253981
0.0348269, 0.0252332
0.0348269, 0.0250678
0.0348269, 0.0249027
0.0349864, 0.0248512
0.0349864, 0.0246877
0.0349864, 0.0245262
0.0349864, 0.0243674
0.0349864, 0.0242117
0.0351201, 0.0241512
0.0351201, 0.0240024
0.0351201, 0.0238576
0.0351201, 0.023717
0.0351201, 0.0235806
0.0352538, 0.0235372
0.0352538, 0.0234086
0.0352538, 0.0232838
0.0352538, 0.0231628
0.0352538, 0.0230452
0.0354064, 0.0230295
0.0354064, 0.0229177
0.0354064, 0.0228086
0.0354064, 0.0227021
0.0354064, 0.0225981
0.0354064, 0.0224965
0.0355886, 0.0225117
0.0355886, 0.0224141
0.0355886, 0.0223187
0.0355886, 0.0222257
0.0355886, 0.0221352
0.0358316, 0.0221971
0.0358316, 0.0221117
0.0358316, 0.0220295
0.0358316, 0.0219513
0.0358316, 0.0218774
0.0361532, 0.0726002
0.0361532, 0.0725376
0.0361532, 0.0724813
0.0361532, 0.0724322
0.0361532, 0.0723912
0.036493, 0.0727256
0.036493, 0.0727033
0.036493, 0.0726915
0.036493, 0.072691
0.036493, 0.0727023
0.0368069, 0.0732274
0.0368069, 0.0732635
0.0368069, 0.0733121
0.0368069, 0.0733733
0.0368069, 0.0734468
0.0371258, 0.074171
0.0371258, 0.0742675
0.0371258, 0.0743747
0.0371258, 0.0744918
0.0371258, 0.0746179
0.0374135, 0.075477
0.0374135, 0.0756188
0.0374135, 0.0757669
0.0374135, 0.0759202
0.0374135, 0.0760776
0.0376625, 0.0769655
0.0376625, 0.0771279
0.0376625, 0.077291
0.0376625, 0.0774536
0.0376625, 0.0776146
0.0379015, 0.0785369
0.0379015, 0.0786912
0.0379015, 0.0788408
0.0379015, 0.0789846
0.0379015, 0.079122
0.0379015, 0.0792522
0.0381135, 0.0801275
0.0381135, 0.0802416
0.0381135, 0.0803471
0.0381135, 0.0804437
0.0381135, 0.0805309
0.0383028, 0.0813306
0.0383028, 0.0813989
0.0383028, 0.0814576
0.0383028, 0.0815066
0.0383028, 0.081546
0.0384535, 0.0822004
0.0384535, 0.0822209
0.0384535, 0.0822321
0.0384535, 0.0822341
0.0384535, 0.0822269
0.0386103, 0.0828629
0.0386103, 0.0828379
0.0386103, 0.0828043
0.0386103, 0.0827624
0.0386103, 0.0827125
0.038767, 0.0833356
0.038767, 0.083271
0.038767, 0.0831998
0.038767, 0.0831224
0.038767, 0.0830394
0.0389565, 0.0837717
0.0389565, 0.0836791
0.0389565, 0.0835828
0.0389565, 0.0834834
0.0389565, 0.0833817
0.0391693, 0.0842327
0.0391693, 0.0841287
0.0391693, 0.0840248
0.0391693, 0.0839218
0.0391693, 0.0838204
0.0394072, 0.0848227
0.0394072, 0.0847269
0.0394072, 0.0846349
0.0394072, 0.0845475
0.0394072, 0.0844652
0.0396385, 0.0855162
0.0396385, 0.0854458
0.0396385, 0.0853818
0.0396385, 0.0853247
0.0396385, 0.0852745
0.0396385, 0.0852314
0.0398499, 0.0862709
0.0398499, 0.0862416
0.0398499, 0.0862189
0.0398499, 0.0862025
0.0398499, 0.086192
0.0400314, 0.024549
0.0400314, 0.0245486
0.0400314, 0.0245526
0.0400314, 0.0245603
0.0400314, 0.0245708
0.0401928, 0.0246059
0.0401928, 0.0246196
0.0401928, 0.0246335
0.0401928, 0.0246468
0.0401928, 0.0246588
0.0403383, 0.0246896
0.0403383, 0.0246964
0.0403383, 0.0246997
0.0403383, 0.0246987
0.0403383, 0.0246929
0.0404703, 0.0247014
0.0404703, 0.0246847
0.0404703, 0.0246619
0.0404703, 0.0246328
0.0404703, 0.0245972
0.0406102, 0.0245755
0.0406102, 0.0245265
0.0406102, 0.024471
0.0406102, 0.024409
0.0406102, 0.0243408
0.0407606, 0.0242886
0.0407606, 0.0242088
0.0407606, 0.0241239
0.0407606, 0.0240345
0.0407606, 0.023941
0.0409431, 0.02387
0.0409431, 0.0237701
0.0409431, 0.0236681
0.0409431, 0.0235648
0.0409431, 0.0234609
0.0411846, 0.0233908
0.0411846, 0.0232881
0.0411846, 0.0231873
0.0411846, 0.0230897
0.0411846, 0.022996
0.0411846, 0.0229074
0.0414044, 0.0228559
0.0414044, 0.0227798
0.0414044, 0.0227111
0.0414044, 0.0226503
0.0414044, 0.0225977
0.0415989, 0.0225813
0.0415989, 0.0225455
0.0415989, 0.022518
0.0415989, 0.0224986
0.0415989, 0.0224868
0.0417482, 0.0225042
0.0417482, 0.0225059
0.0417482, 0.0225131
0.0417482, 0.0225249
0.0417482, 0.0225404
0.0418851, 0.0225789
0.0418851, 0.0225983
0.0418851, 0.0226182
0.0418851, 0.0226374
0.0418851, 0.0226549
0.041993, 0.0226866
0.041993, 0.0226981
0.041993, 0.0227052
0.041993, 0.0227071
0.041993, 0.0227032
0.0420968, 0.022709
0.0420968, 0.0226916
0.0420968, 0.0226668
0.0420968, 0.0226342
0.0420968, 0.0225936
0.0422028, 0.0225613
0.0422028, 0.0225046
0.0422028, 0.0224399
0.0422028, 0.0223674
0.0422028, 0.0222874
0.0423264, 0.0222188
0.0423264, 0.022125
0.0423264, 0.0220251
0.0423264, 0.0219197
0.0423264, 0.0218095
0.0424946, 0.0217194
0.0424946, 0.0216017
0.0424946, 0.0214818
0.0424946, 0.0213604
0.0424946, 0.0212386
0.0424946, 0.0211175
0.0427192, 0.021029
0.0427192, 0.020912
0.0427192, 0.0207986
0.0427192, 0.02069
0.0427192, 0.0205872
0.0430086, 0.0205306
0.0430086, 0.0204425
0.0430086, 0.0203633
0.0430086, 0.0202942
0.0430086, 0.0202362
0.0433743, 0.0202396
0.0433743, 0.0202063
0.0433743, 0.0201869
0.0433743, 0.0201823
0.0433743, 0.0201933
0.0437734, 0.020276
0.0437734, 0.0203205
0.0437734, 0.0203828
0.0437734, 0.0204631
0.0437734, 0.0205618
0.0441594, 0.0207349
0.0441594, 0.0208711
0.0441594, 0.0210256
0.0441594, 0.0211979
0.0441594, 0.0213875
0.0445158, 0.0216483
0.0445158, 0.0218704
0.0445158, 0.0221069
0.0445158, 0.0223564
0.0445158, 0.0226175
0.0448372, 0.0229418
0.0448372, 0.0232222
0.0448372, 0.0235094
0.0448372, 0.0238017
0.0448372, 0.0240972
0.0450997, 0.0244413
0.0450997, 0.0247387
0.0450997, 0.0250341
0.0450997, 0.0253257
0.0450997, 0.0256116
0.0453189, 0.0259325
0.0453189, 0.0262028
0.0453189, 0.0264627
0.0453189, 0.0267108
0.0453189, 0.0269458
0.0453189, 0.0271666
0.0455041, 0.0274102
0.0455041, 0.0275999
0.0455041, 0.027773
0.0455041, 0.0279288
0.0455041, 0.028067
0.0456936, 0.0282271
0.0456936, 0.0283296
0.0456936, 0.0284144
0.0456936, 0.0284816
0.0456936, 0.0285318
0.0458608, 0.0286016
0.0458608, 0.0286196
0.0458608, 0.0286225
0.0458608, 0.0286113
0.0458608, 0.0285866
0.0460358, 0.0285867
0.0460358, 0.0285379
0.0460358, 0.0284784
0.0460358, 0.0284092
0.0460358, 0.0283314
0.0462483, 0.0282905
0.0462483, 0.0281983
0.0462483, 0.0281008
0.0462483, 0.027999
0.0462483, 0.027894
0.0464848, 0.0278359
0.0464848, 0.0277282
0.0464848, 0.0276208
0.0464848, 0.0275149
0.0464848, 0.0274116
0.046764, 0.0273682
0.046764, 0.0272729
0.046764, 0.0271831
0.046764, 0.0270997
0.046764, 0.0270236
0.0470685, 0.0270164
0.0470685, 0.0269571
0.0470685, 0.0269072
0.0470685, 0.0268674
0.0470685, 0.0268381
0.0473831, 0.0268824
0.0473831, 0.0268751
0.0473831, 0.0268791
0.0473831, 0.0268946
0.0473831, 0.0269213
0.0473831, 0.0269593
0.0476943, 0.0270711
0.0476943, 0.0271308
0.0476943, 0.0272007
0.0476943, 0.0272803
0.0476943, 0.027369
0.0479889, 0.0275268
0.0479889, 0.0276318
0.0479889, 0.0277437
0.0479889, 0.0278616
0.0479889, 0.0279847
0.0482741, 0.0281723
0.0482741, 0.0283032
0.0482741, 0.0284364
0.0482741, 0.0285712
0.0482741, 0.0287066
0.0485527, 0.0289024
0.0485527, 0.0290368
0.0485527, 0.0291696
0.0485527, 0.0292999
0.0485527, 0.0294272
0.0488182, 0.0296103
0.0488182, 0.0297303
0.0488182, 0.0298457
0.0488182, 0.0299562
0.0488182, 0.0300615
0.049037, 0.0302118
0.049037, 0.030306
0.049037, 0.0303941
0.049037, 0.0304758
0.049037, 0.0305507
0.0492114, 0.0306594
0.0492114, 0.0307198
0.0492114, 0.0307723
0.0492114, 0.0308165
0.0492114, 0.0308519
0.0493503, 0.0309113
0.0493503, 0.0309281
0.0493503, 0.030935
0.0493503, 0.0309316
0.0493503, 0.0309176
0.0495124, 0.0309309
0.0495124, 0.030895
0.0495124, 0.0308482
0.0495124, 0.0307905
0.0495124, 0.0307223
0.0495124, 0.030644
0.0496777, 0.0305947
0.0496777, 0.0304976
0.0496777, 0.0303922
0.0496777, 0.0302792
0.0496777, 0.0301594
0.0498586, 0.0300747
0.0498586, 0.0299435
0.0498586, 0.0298081
0.0498586, 0.0296693
0.0498586, 0.0295281
0.0500438, 0.0294265
0.0500438, 0.0292828
0.0500438, 0.0291392
0.0500438, 0.0289965
0.0500438, 0.0288554
0.0502766, 0.0287669
0.0502766, 0.0286308
0.0502766, 0.0284983
0.0502766, 0.0283703
0.0502766, 0.0282473
0.0505061, 0.028179
0.0505061, 0.0280679
0.0505061, 0.0279637
0.0505061, 0.0278668
0.0505061, 0.0277775
0.0507226, 0.0277414
0.0507226, 0.0276679
0.0507226, 0.0276023
0.0507226, 0.0275445
0.0507226, 0.0274944
0.0508939, 0.0274874
0.0508939, 0.0274514
0.0508939, 0.0274216
0.0508939, 0.0273973
0.0508939, 0.0273776
0.0510531, 0.0273947
0.0510531, 0.0273815
0.0510531, 0.0273701
0.0510531, 0.0273595
0.0510531, 0.0273488
0.0511763, 0.0273631
0.0511763, 0.0273495
0.0511763, 0.0273332
0.0511763, 0.0273133
0.0511763, 0.0272888
0.0511763, 0.0272592
0.0512975, 0.0272489
0.0512975, 0.027207
0.0512975, 0.0271582
0.0512975, 0.0271021
0.0512975, 0.0270386
0.0514408, 0.0269968
0.0514408, 0.0269181
0.0514408, 0.0268319
0.0514408, 0.0267387
0.0514408, 0.0266388
0.0516315, 0.0265708
0.0516315, 0.0264591
0.0516315, 0.0263428
0.0516315, 0.0262227
0.0516315, 0.0261001
0.0518481, 0.0260183
0.0518481, 0.0258935
0.0518481, 0.0257694
0.0518481, 0.0256472
0.0518481, 0.0255281
0.0521031, 0.0254619
0.0521031, 0.0253519
0.0521031, 0.0252483
0.0521031, 0.0251519
0.0521031, 0.0250637
0.0523512, 0.0250314
0.0523512, 0.0249619
0.0523512, 0.0249027
0.0523512, 0.0248542
0.0523512, 0.0248167
0.052617, 0.02484
0.052617, 0.0248246
0.052617, 0.0248203
0.052617, 0.0248268
0.052617, 0.024844
0.0528712, 0.0249193
0.0528712, 0.0249567
0.0528712, 0.0250035
0.0528712, 0.025059
0.0528712, 0.0251226
0.0531146, 0.0252401
0.0531146, 0.025318
0.0531146, 0.0254016
0.0531146, 0.0254902
0.0531146, 0.025583
0.0531146, 0.0256791
0.0533658, 0.0258266
0.0533658, 0.0259271
0.0533658, 0.0260285
0.0533658, 0.0261302
0.0533658, 0.0262316
0.0536336, 0.0263856
0.0536336, 0.0264852
0.0536336, 0.0265833
0.0536336, 0.0266797
0.0536336, 0.0267741
0.0539322, 0.0269271
0.0539322, 0.0270178
0.0539322, 0.0271067
0.0539322, 0.0271941
0.0539322, 0.0272803
0.0542668, 0.0274347
0.0542668, 0.0275199
0.0542668, 0.0276053
0.0542668, 0.0276915
0.0542668, 0.0277792
0.0545879, 0.0279366
0.0545879, 0.0280292
0.0545879, 0.0281249
0.0545879, 0.0282243
0.0545879, 0.0283275
0.0549081, 0.0285036
0.0549081, 0.0286155
0.0549081, 0.0287317
0.0549081, 0.0288523
0.0549081, 0.028977
0.0552036, 0.0291709
0.0552036, 0.0293037
0.0552036, 0.02944
0.0552036, 0.0295791
0.0552036, 0.0297207
0.0554827, 0.029927
0.0554827, 0.0300719
0.0554827, 0.0302172
0.0554827, 0.0303623
0.0554827, 0.0305065
0.0557568, 0.0307126
0.0557568, 0.0308532
0.0557568, 0.0309909
0.0557568, 0.0311251
0.0557568, 0.0312553
0.0557568, 0.031381
0.0560189, 0.0315642
0.0560189, 0.03168
0.0560189, 0.0317903
0.0560189, 0.0318948
0.0560189, 0.0319933
0.0562631, 0.0321448
0.0562631, 0.0322311
0.0562631, 0.0323111
0.0562631, 0.0323846
0.0562631, 0.0324517
0.0564741, 0.0325641
0.0564741, 0.0326182
0.0564741, 0.0326657
0.0564741, 0.0327065
0.0564741, 0.0327405
0.0566669, 0.0328153
0.0566669, 0.0328354
0.0566669, 0.0328484
0.0566669, 0.0328543
0.0566669, 0.0328529
0.0568352, 0.032886
0.0568352, 0.0328699
0.0568352, 0.0328464
0.0568352, 0.0328154
0.0568352, 0.032777
0.0569831, 0.0327677
0.0569831, 0.0327143
0.0569831, 0.0326534
0.0569831, 0.0325851
0.0569831, 0.0325094
0.0571139, 0.0324583
0.0571139, 0.0323679
0.0571139, 0.0322703
0.0571139, 0.0321657
0.0571139, 0.0320542
0.0572491, 0.0319683
0.0572491, 0.0318433
0.0572491, 0.0317121
0.0572491, 0.0315748
0.0572491, 0.031432
0.0573838, 0.0313155
0.0573838, 0.0311625
0.0573838, 0.0310051
0.0573838, 0.0308438
0.0573838, 0.0306792
0.0573838, 0.0305116
0.0575538, 0.0303802
0.0575538, 0.0302082
0.0575538, 0.0300351
0.0575538, 0.0298616
0.0575538, 0.0296882
0.0577374, 0.0295563
0.0577374, 0.0293855
0.0577374, 0.0292171
0.0577374, 0.0290519
0.0577374, 0.0288906
0.0579087, 0.0287705
0.0579087, 0.0286185
0.0579087, 0.028472
0.0579087, 0.0283314
0.0579087, 0.0281968
0.0580724, 0.0281026
0.0580724, 0.0279804
0.0580724, 0.0278643
0.0580724, 0.0277543
0.0580724, 0.0276501
0.058194, 0.0275765
0.058194, 0.027483
0.058194, 0.027394
0.058194, 0.0273091
0.058194, 0.0272274
0.0583056, 0.0271707
0.0583056, 0.0270931
0.0583056, 0.0270164
0.0583056, 0.0269398
0.0583056, 0.0268626
0.0584259, 0.0268079
0.0584259, 0.0267272
0.0584259, 0.0266441
0.0584259, 0.0265579
0.0584259, 0.0264685
0.058532, 0.0263965
0.058532, 0.0262999
0.058532, 0.0261994
0.058532, 0.026095
0.058532, 0.0259867
0.0586474, 0.0258966
0.0586474, 0.0257806
0.0586474, 0.0256609
0.0586474, 0.0255378
0.0586474, 0.0254115
0.0586474, 0.0252824
0.0587677, 0.0251733
0.0587677, 0.0250395
0.0587677, 0.024904
0.0587677, 0.0247673
0.0587677, 0.0246297
0.0588726, 0.0245108
0.0588726, 0.0243726
0.0588726, 0.0242347
0.0588726, 0.0240974
0.0588726, 0.0239608
0.0590046, 0.0238485
0.0590046, 0.0237141
0.0590046, 0.0235811
0.0590046, 0.0234498
0.0590046, 0.0233206
0.0591365, 0.0232163
0.0591365, 0.0230917
0.0591365, 0.02297
0.0591365, 0.0228514
0.0591365, 0.022736
0.059327, 0.0226557
0.059327, 0.0225473
0.059327, 0.022443
0.059327, 0.0223432
0.059327, 0.0222485
0.0595912, 0.0222023
0.0595912, 0.0221191
0.0595912, 0.0220428
0.0595912, 0.0219744
0.0595912, 0.0219148
0.0599306, 0.0219194
0.0599306, 0.02188
0.0599306, 0.0218524
0.0599306, 0.0218377
0.0599306, 0.0218371
0.0603305, 0.0219156
0.0603305, 0.0219461
0.0603305, 0.0219938
0.0603305, 0.0220594
0.0603305, 0.022144
0.0607422, 0.0223155
0.0607422, 0.0224402
0.0607422, 0.0225855
0.0607422, 0.0227515
0.0607422, 0.0229383
0.0607422, 0.0231457
0.061172, 0.0234468
0.061172, 0.0236947
0.061172, 0.0239616
0.061172, 0.0242466
0.061172, 0.0245489
0.0615099, 0.0249292
0.0615099, 0.0252634
0.0615099, 0.0256109
0.0615099, 0.0259698
0.0615099, 0.0263382
0.0617893, 0.0267685
0.0617893, 0.0271497
0.0617893, 0.0275333
0.0617893, 0.0279169
0.0617893, 0.0282978
0.0620244, 0.0287233
0.0620244, 0.0290924
0.0620244, 0.0294517
0.0620244, 0.029799
0.0620244, 0.0301322
0.0622217, 0.0304938
0.0622217, 0.0307941
0.0622217, 0.0310754
0.0622217, 0.0313363
0.0622217, 0.0315757
0.0623863, 0.0318316
0.0623863, 0.0320262
0.0623863, 0.0321974
0.0623863, 0.032345
0.0623863, 0.0324689
0.06254, 0.0326059
0.06254, 0.0326829
0.06254, 0.032737
0.06254, 0.0327689
0.06254, 0.0327792
0.0626979, 0.0328068
0.0626979, 0.0327768
0.0626979, 0.0327283
0.0626979, 0.0326626
0.0626979, 0.032581
0.0628536, 0.032522
0.0628536, 0.0324126
0.0628536, 0.0322915
0.0628536, 0.0321601
0.0628536, 0.0320199
0.0628536, 0.0318721
0.0629864, 0.0317489
0.0629864, 0.0315897
0.0629864, 0.0314266
0.0629864, 0.0312605
0.0629864, 0.0310922
0.0630835, 0.0309446
0.0630835, 0.030774
0.0630835, 0.0306029
0.0630835, 0.0304317
0.0630835, 0.0302604
0.0631727, 0.0301086
0.0631727, 0.0299371
0.0631727, 0.0297654
0.0631727, 0.0295933
0.0631727, 0.0294207
0.0632731, 0.0292686
0.0632731, 0.0290942
0.0632731, 0.0289188
0.0632731, 0.0287422
0.0632731, 0.0285645
0.0633983, 0.0284115
0.0633983, 0.0282316
0.0633983, 0.0280508
0.0633983, 0.0278695
0.0633983, 0.0276881
0.063579, 0.0275428
0.063579, 0.0273622
0.063579, 0.0271831
0.063579, 0.0270063
0.063579, 0.0268326
0.0637824, 0.0267022
0.0637824, 0.0265372
0.0637824, 0.0263782
0.0637824, 0.026226
0.0637824, 0.0260815
0.063993, 0.0259848
0.063993, 0.0258577
0.063993, 0.0257404
0.063993, 0.0256335
0.063993, 0.0255372
0.0641882, 0.0254877
0.0641882, 0.0254134
0.0641882, 0.0253502
0.0641882, 0.0252978
0.0641882, 0.025256
0.0641882, 0.0252244
0.0643627, 0.0252339
0.0643627, 0.0252208
0.0643627, 0.0252158
0.0643627, 0.0252181
0.0643627, 0.025227
0.0645369, 0.0252728
0.0645369, 0.0252917
0.0645369, 0.0253142
0.0645369, 0.0253394
0.0645369, 0.0253665
0.0647095, 0.025426
0.0647095, 0.0254544
0.0647095, 0.0254823
0.0647095, 0.0255091
0.0647095, 0.0255343
0.0648809, 0.0255888
0.0648809, 0.0256094
0.0648809, 0.0256272
0.0648809, 0.0256419
0.0648809, 0.0256532
0.0650653, 0.0256951
0.0650653, 0.0256997
0.0650653, 0.0257008
0.0650653, 0.0256987
0.0650653, 0.0256934
0.0652584, 0.0257209
0.0652584, 0.0257103
0.0652584, 0.0256975
0.0652584, 0.0256829
0.0652584, 0.0256669
0.0654914, 0.0256926
0.0654914, 0.0256751
0.0654914, 0.0256577
0.0654914, 0.025641
0.0654914, 0.0256257
0.065789, 0.0256669
0.065789, 0.0256566
0.065789, 0.02565
0.065789, 0.0256482
0.065789, 0.0256523
0.0661218, 0.0257241
0.0661218, 0.0257428
0.0661218, 0.0257704
0.0661218, 0.0258078
0.0661218, 0.0258559
0.0661218, 0.0259155
0.0665043, 0.0260579
0.0665043, 0.0261427
0.0665043, 0.0262407
0.0665043, 0.0263527
0.0665043, 0.0264789
0.0669456, 0.0267033
0.0669456, 0.0268596
0.0669456, 0.0270313
0.0669456, 0.0272185
0.0669456, 0.0274216
0.0673954, 0.027729
0.0673954, 0.0279649
0.0673954, 0.0282169
0.0673954, 0.0284847
0.0673954, 0.0287682
0.0678515, 0.0291607
0.0678515, 0.029475
0.0678515, 0.0298033
0.0678515, 0.030145
0.0678515, 0.0304991
0.06829, 0.0309604
0.06829, 0.0313378
0.06829, 0.0317246
0.06829, 0.0321197
0.06829, 0.0325218
0.0687101, 0.0330271
0.0687101, 0.0334404
0.0687101, 0.0338567
0.0687101, 0.0342747
0.0687101, 0.0346928
0.0691205, 0.0352112
0.0691205, 0.0356271
0.0691205, 0.0360393
0.0691205, 0.0364468
0.0691205, 0.0368485
0.069495, 0.0373413
0.069495, 0.0377294
0.069495, 0.0381088
0.069495, 0.0384787
0.069495, 0.0388382
0.0698419, 0.039282
0.0698419, 0.0396195
0.0698419, 0.0399447
0.0698419, 0.040257
0.0698419, 0.0405558
0.0698419, 0.0408408
0.0701488, 0.0411999
0.0701488, 0.0414569
0.0701488, 0.0416993
0.0701488, 0.0419268
0.0701488, 0.0421392
0.0704345, 0.0424209
0.0704345, 0.0426033
0.0704345, 0.0427705
0.0704345, 0.0429225
0.0704345, 0.0430594
0.0707176, 0.0432665
0.0707176, 0.043374
0.0707176, 0.0434671
0.0707176, 0.0435462
0.0707176, 0.0436118
0.0709761, 0.043743
0.0709761, 0.0437833
0.0709761, 0.0438117
0.0709761, 0.0438289
0.0709761, 0.0438353
0.0712144, 0.0439038
0.0712144, 0.0438903
0.0712144, 0.0438675
0.0712144, 0.0438359
0.0712144, 0.043796
0.0714552, 0.0438211
0.0714552, 0.0437656
0.0714552, 0.0437031
0.0714552, 0.043634
0.0714552, 0.0435587
0.0716386, 0.0435329
0.0716386, 0.0434464
0.0716386, 0.0433548
0.0716386, 0.043258
0.0716386, 0.0431562
0.0717794, 0.043091
0.0717794, 0.0429786
0.0717794, 0.0428605
0.0717794, 0.0427364
0.0717794, 0.0426059
0.071887, 0.0424999
0.071887, 0.0423551
0.071887, 0.0422024
0.071887, 0.0420414
0.071887, 0.0418716
0.071887, 0.0416926
0.071887, 0.0415042
0.0719644, 0.0413278
0.0719644, 0.0411196
0.0719644, 0.0409014
0.0719644, 0.040673
0.0719644, 0.0404344
0.0720201, 0.0402009
0.0720201, 0.0399421
0.0720201, 0.0396734
0.0720201, 0.0393949
0.0720201, 0.0391068
0.0720802, 0.0388253
0.0720802, 0.0385189
0.0720802, 0.0382041
0.0720802, 0.0378814
0.0720802, 0.0375512
0.0721326, 0.0372276
0.0721326, 0.0368846
0.0721326, 0.0365362
0.0721326, 0.0361832
0.0721326, 0.0358262
0.0721975, 0.0354816
0.0721975, 0.0351188
0.0721975, 0.0347544
0.0721975, 0.034389
0.0721975, 0.0340234
0.0722958, 0.0336809
0.0722958, 0.0333172
0.0722958, 0.0329558
0.0722958, 0.0325975
0.0722958, 0.0322434
0.0724369, 0.0319248
0.0724369, 0.0315811
0.0724369, 0.0312444
0.0724369, 0.0309154
0.0724369, 0.0305952
0.0726117, 0.0303208
0.0726117, 0.0300206
0.0726117, 0.0297319
0.0726117, 0.0294555
0.0726117, 0.0291923
0.0728213, 0.0289841
0.0728213, 0.0287487
0.0728213, 0.0285283
0.0728213, 0.0283234
0.0728213, 0.0281344
0.0728213, 0.0279617
0.0730075, 0.0278408
0.0730075, 0.0277008
0.0730075, 0.0275771
0.0730075, 0.0274693
0.0730075, 0.0273768
0.0731921, 0.0273333
0.0731921, 0.0272694
0.0731921, 0.0272184
0.0731921, 0.0271795
0.0731921, 0.0271516
0.0733502, 0.0271628
0.0733502, 0.0271536
0.0733502, 0.027152
0.0733502, 0.0271567
0.0733502, 0.0271665
0.0735284, 0.027213
0.0735284, 0.0272294
0.0735284, 0.0272473
0.0735284, 0.027266
0.0735284, 0.0272846
0.0737284, 0.0273396
0.0737284, 0.0273561
0.0737284, 0.027371
0.0737284, 0.027384
0.0737284, 0.0273951
0.0739185, 0.0274396
0.0739185, 0.0274468
0.0739185, 0.0274522
0.0739185, 0.027456
0.0739185, 0.0274583
0.0741027, 0.0274936
0.0741027, 0.0274935
0.0741027, 0.0274923
0.0741027, 0.0274902
0.0741027, 0.0274874
0.0743019, 0.027521
0.0743019, 0.0275171
0.0743019, 0.0275128
0.0743019, 0.0275083
0.0743019, 0.0275039
0.0745097, 0.0275385
0.0745097, 0.0275348
0.0745097, 0.0275319
0.0745097, 0.0275299
0.0745097, 0.0275291
0.0745097, 0.0275298
0.074724, 0.0275721
0.074724, 0.0275763
0.074724, 0.0275825
0.074724, 0.0275909
0.074724, 0.0276017
0.075019, 0.0453427
0.075019, 0.0453586
0.075019, 0.0453777
0.075019, 0.0454006
0.075019, 0.0454281
0.0753344, 0.058227
0.0753344, 0.0582657
0.0753344, 0.0583113
0.0753344, 0.0583646
0.0753344, 0.0584262
0.0756131, 0.0716686
0.0756131, 0.0717487
0.0756131, 0.0718385
0.0756131, 0.071938
0.0756131, 0.0720471
0.0758315, 0.082908
0.0758315, 0.083035
0.0758315, 0.0831698
0.0758315, 0.0833114
0.0758315, 0.0834583
0.0760455, 0.0942323
0.0760455, 0.0943861
0.0760455, 0.094541
0.0760455, 0.0946957
0.0760455, 0.0948489
0.076253, 0.105375
0.076253, 0.105521
0.076253, 0.105662
0.076253, 0.105797
0.076253, 0.105925
0.0764355, 0.11522
0.0764355, 0.115331
0.0764355, 0.115434
0.0764355, 0.115527
0.0764355, 0.11561
0.076581, 0.123038
0.076581, 0.1231
0.076581, 0.123152
0.076581, 0.123193
0.076581, 0.123223
0.076581, 0.123242
0.0766968, 0.129136
0.0766968, 0.129132
0.0766968, 0.129116
0.0766968, 0.12909
0.0766968, 0.129052
0.0767881, 0.133675
0.0767881, 0.133614
0.0767881, 0.133543
0.0767881, 0.13346
0.0767881, 0.133367
0.0768571, 0.136824
0.0768571, 0.13671
0.0768571, 0.136585
0.0768571, 0.136451
0.0768571, 0.136307
0.0769268, 0.139736
0.0769268, 0.139574
0.0769268, 0.139402
0.0769268, 0.139223
0.0769268, 0.139035
0.0769932, 0.142257
0.0769932, 0.142056
0.0769932, 0.141848
0.0769932, 0.141635
0.0769932, 0.141417
0.0770919, 0.146175
0.0770919, 0.145949
0.0770919, 0.14572
0.0770919, 0.145489
0.0770919, 0.145257
0.0771493, 0.147991
0.0771493, 0.147759
0.0771493, 0.147528
0.0771493, 0.147299
0.0771493, 0.147072
0.077188, 0.14887
0.077188, 0.148648
0.077188, 0.148429
0.077188, 0.148212
0.077188, 0.147997
0.0772112, 0.149049
0.0772112, 0.148838
0.0772112, 0.148629
0.0772112, 0.148421
0.0772112, 0.148213
0.0772112, 0.148006
0.0772221, 0.148459
0.0772221, 0.148251
0.0772221, 0.148043
0.0772221, 0.147834
0.0772221, 0.147623
0.0772619, 0.149465
0.0772619, 0.14925
0.0772619, 0.149034
0.0772619, 0.148817
0.0772619, 0.148597
0.0773199, 0.151312
0.0773199, 0.15109
0.0773199, 0.150868
0.0773199, 0.150647
0.0773199, 0.150426
0.0773925, 0.153841
0.0773925, 0.153624
0.0773925, 0.153409
0.0773925, 0.153197
0.0773925, 0.152989
0.0774933, 0.157796
0.0774933, 0.157598
0.0774933, 0.157406
0.0774933, 0.15722
0.0774933, 0.157041
0.0776178, 0.163048
0.0776178, 0.162885
0.0776178, 0.16273
0.0776178, 0.162585
0.0776178, 0.162449
0.0777244, 0.167644
0.0777244, 0.167528
0.0777244, 0.167423
0.0777244, 0.167327
0.0777244, 0.167241
0.0778401, 0.172923
0.0778401, 0.172856
0.0778401, 0.172799
0.0778401, 0.172749
0.0778401, 0.172708
0.0779456, 0.177955
0.0779456, 0.177928
0.0779456, 0.177907
0.0779456, 0.177892
0.0779456, 0.177882
0.0779456, 0.177877
0.0780266, 0.181955
0.0780266, 0.181956
0.0780266, 0.18196
0.0780266, 0.181965
0.0780266, 0.181971
0.0780908, 0.185219
0.0780908, 0.185224
0.0780908, 0.185229
0.0780908, 0.185231
0.0780908, 0.18523
0.0781412, 0.187794
0.0781412, 0.187786
0.0781412, 0.187774
0.0781412, 0.187756
0.0781412, 0.187733
0.0781814, 0.189765
0.0781814, 0.18973
0.0781814, 0.18969
0.0781814, 0.189643
0.0781814, 0.189589
0.0782107, 0.19105
0.0782107, 0.190984
0.0782107, 0.190911
0.0782107, 0.190832
0.0782107, 0.190746
0.0782323, 0.191786
0.0782323, 0.191688
0.0782323, 0.191586
0.0782323, 0.191477
0.0782323, 0.191364
0.0782637, 0.192856
0.0782637, 0.192734
0.0782637, 0.192607
0.0782637, 0.192477
0.0782637, 0.192344
0.0782846, 0.193306
0.0782846, 0.193168
0.0782846, 0.193028
0.0782846, 0.192886
0.0782846, 0.192744
0.0782965, 0.193244
0.0782965, 0.193101
0.0782965, 0.192957
0.0782965, 0.192814
0.0782965, 0.19267
0.0782965, 0.192528
0.0783266, 0.193914
0.0783266, 0.193772
0.0783266, 0.193632
0.0783266, 0.193492
0.0783266, 0.193353
0.0783695, 0.195376
0.0783695, 0.19524
0.0783695, 0.195107
0.0783695, 0.194976
0.0783695, 0.194847
0.0784415, 0.198309
0.0784415, 0.198187
0.0784415, 0.198068
0.0784415, 0.197953
0.0784415, 0.197842
0.0785162, 0.201469
0.0785162, 0.201368
0.0785162, 0.201273
0.0785162, 0.201184
0.0785162, 0.201102
0.0785946, 0.204936
0.0785946, 0.204866
0.0785946, 0.204802
0.0785946, 0.204746
0.0785946, 0.204695
0.078704, 0.210095
0.078704, 0.210057
0.078704, 0.210026
0.078704, 0.210001
0.078704, 0.209983
0.0788016, 0.214856
0.0788016, 0.21485
0.0788016, 0.214851
0.0788016, 0.214857
0.0788016, 0.21487
0.0788828, 0.218956
0.0788828, 0.218979
0.0788828, 0.219007
0.0788828, 0.219039
0.0788828, 0.219075
0.0789989, 0.224907
0.0789989, 0.224949
0.0789989, 0.224993
0.0789989, 0.22504
0.0789989, 0.225088
0.0789989, 0.225138
0.0791383, 0.232165
0.0791383, 0.232218
0.0791383, 0.232272
0.0791383, 0.232328
0.0791383, 0.232385
0.0792916, 0.240119
0.0792916, 0.240181
0.0792916, 0.240244
0.0792916, 0.240311
0.0792916, 0.240381
0.0794355, 0.247676
0.0794355, 0.247752
0.0794355, 0.247832
0.0794355, 0.247915
0.0794355, 0.248002
0.0795754, 0.255117
0.0795754, 0.255211
0.0795754, 0.255309
0.0795754, 0.255409
0.0795754, 0.255513
0.0797121, 0.262494
0.0797121, 0.262602
0.0797121, 0.262712
0.0797121, 0.262824
0.0797121, 0.262937
0.0798469, 0.269832
0.0798469, 0.269945
0.0798469, 0.270059
0.0798469, 0.270172
0.0798469, 0.270285
0.0799538, 0.275795
0.0799538, 0.275905
0.0799538, 0.276013
0.0799538, 0.276119
0.0799538, 0.276222
0.0800414, 0.280747
0.0800414, 0.280844
0.0800414, 0.280936
0.0800414, 0.281024
0.0800414, 0.281107
0.0801338, 0.285851
0.0801338, 0.285923
0.0801338, 0.285989
0.0801338, 0.286048
0.0801338, 0.286101
0.0801338, 0.286148
0.0802254, 0.290812
0.0802254, 0.290846
0.0802254, 0.290874
0.0802254, 0.290896
0.0802254, 0.290913
0.080296, 0.294502
0.080296, 0.294508
0.080296, 0.294508
0.080296, 0.294505
0.080296, 0.294496
0.0804268, 0.301048
0.0804268, 0.301032
0.0804268, 0.301012
0.0804268, 0.300989
0.0804268, 0.300965
0.0805598, 0.307651
0.0805598, 0.307625
0.0805598, 0.307598
0.0805598, 0.307573
0.0805598, 0.30755
0.0806974, 0.314454
0.0806974, 0.314437
0.0806974, 0.314423
0.0806974, 0.314414
0.0806974, 0.314409
0.0808214, 0.320657
0.0808214, 0.320663
0.0808214, 0.320674
0.0808214, 0.32069
0.0808214, 0.320711
0.0809382, 0.326619
0.0809382, 0.32665
0.0809382, 0.326685
0.0809382, 0.326725
0.0809382, 0.326768
0.0810568, 0.33279
0.0810568, 0.332838
0.0810568, 0.332889
0.0810568, 0.332941
0.0810568, 0.332994
0.0811683, 0.338669
0.0811683, 0.338723
0.0811683, 0.338776
0.0811683, 0.338829
0.0811683, 0.33888
0.0811683, 0.33893
0.081276, 0.344406
0.081276, 0.344452
0.081276, 0.344497
0.081276, 0.344539
0.081276, 0.344578
0.0813978, 0.350748
0.0813978, 0.350782
0.0813978, 0.350813
0.0813978, 0.350841
0.0813978, 0.350867
0.081492, 0.355648
0.081492, 0.355669
0.081492, 0.355688
0.081492, 0.355705
0.081492, 0.35572
0.081603, 0.361318
0.081603, 0.361328
0.081603, 0.361337
0.081603, 0.361344
0.081603, 0.361348
0.0817647, 0.369488
0.0817647, 0.36949
0.0817647, 0.369491
0.0817647, 0.369491
0.0817647, 0.369492
0.0819676, 0.379721
0.0819676, 0.379724
0.0819676, 0.37973
0.0819676, 0.379739
0.0819676, 0.379753
0.0822205, 0.392517
0.0822205, 0.392543
0.0822205, 0.392576
0.0822205, 0.392617
0.0822205, 0.392667
0.0824632, 0.404986
0.0824632, 0.405058
0.0824632, 0.405141
0.0824632, 0.405236
0.0824632, 0.405344
0.0826956, 0.41719
0.0826956, 0.417322
0.0826956, 0.417466
0.0826956, 0.417622
0.0826956, 0.417789
0.0826956, 0.417966
0.0829188, 0.429415
0.0829188, 0.42961
0.0829188, 0.429813
0.0829188, 0.430022
0.0829188, 0.430237
0.0831167, 0.440452
0.0831167, 0.440674
0.0831167, 0.440898
0.0831167, 0.441123
0.0831167, 0.441348
0.0832961, 0.450633
0.0832961, 0.450854
0.0832961, 0.451071
0.0832961, 0.451283
0.0832961, 0.45149
0.083499, 0.461931
0.083499, 0.462124
0.083499, 0.462309
0.083499, 0.462485
0.083499, 0.462654
0.0836778, 0.471854
0.0836778, 0.472005
0.0836778, 0.472149
0.0836778, 0.472284
0.0836778, 0.47241
0.0838394, 0.480688
0.0838394, 0.480798
0.0838394, 0.480902
0.0838394, 0.480997
0.0838394, 0.481086
0.0839943, 0.488983
0.0839943, 0.489057
0.0839943, 0.489124
0.0839943, 0.489185
0.0839943, 0.489239
0.0841541, 0.497348
0.0841541, 0.49739
0.0841541, 0.497427
0.0841541, 0.497458
0.0841541, 0.497483
0.0843339, 0.506581
0.0843339, 0.506597
0.0843339, 0.50661
0.0843339, 0.50662
0.0843339, 0.506627
0.0843339, 0.506632
0.0845073, 0.515395
0.0845073, 0.515397
0.0845073, 0.515398
0.0845073, 0.5154
0.0845073, 0.515401
0.0846788, 0.524056
0.0846788, 0.524059
0.0846788, 0.524063
0.0846788, 0.524068
0.0846788, 0.524075
0.084855, 0.532969
0.084855, 0.532979
0.084855, 0.532991
0.084855, 0.533004
0.084855, 0.533018
0.0849899, 0.539842
0.0849899, 0.53986
0.0849899, 0.539879
0.0849899, 0.539898
0.0849899, 0.539918
0.0851155, 0.546255
0.0851155, 0.546274
0.0851155, 0.546292
0.0851155, 0.546308
0.0851155, 0.546321
0.085238, 0.552501
0.085238, 0.552508
0.085238, 0.552512
0.085238, 0.552511
0.085238, 0.552506
0.0853954, 0.560425
0.0853954, 0.56041
0.0853954, 0.560391
0.0853954, 0.560367
0.0853954, 0.560339
0.0856127, 0.0287026
0.0856127, 0.0286603
0.0856127, 0.0286152
0.0856127, 0.0285686
0.0856127, 0.0285219
0.0861939, 0.028757
0.0861939, 0.0287151
0.0861939, 0.0286806
0.0861939, 0.0286581
0.0861939, 0.0286525
0.0861939, 0.0286694
0.0870892, 0.0291474
0.0870892, 0.0292273
0.0870892, 0.0293484
0.0870892, 0.0295178
0.0870892, 0.0297426
0.0883065, 0.0306342
0.0883065, 0.030998
0.0883065, 0.0314402
0.0883065, 0.0319681
0.0883065, 0.0325889
0.0897473, 0.0340551
0.0897473, 0.0348987
0.0897473, 0.035855
0.0897473, 0.0369287
0.0897473, 0.0381231
0.0911971, 0.0403279
0.0911971, 0.0418029
0.0911971, 0.0434057
0.0911971, 0.0451356
0.0911971, 0.0469905
0.0926536, 0.0500518
0.0926536, 0.0521934
0.0926536, 0.0544506
0.0926536, 0.0568174
0.0926536, 0.059287
0.0941135, 0.0632024
0.0941135, 0.065912
0.0941135, 0.0687015
0.0941135, 0.0715617
0.0941135, 0.0744829
0.0955696, 0.0791424
0.0955696, 0.0822223
0.0955696, 0.0853353
0.0955696, 0.0884721
0.0955696, 0.0916238
0.0970344, 0.096831
0.0970344, 0.100056
0.0970344, 0.103273
0.0970344, 0.106474
0.0970344, 0.109654
0.0984499, 0.115122
0.0984499, 0.118306
0.0984499, 0.121453
0.0984499, 0.124558
0.0984499, 0.127616
0.0984499, 0.130625
0.0998741, 0.136359
0.0998741, 0.139319
0.0998741, 0.142219
0.0998741, 0.14506
0.0998741, 0.147839
0.101366, 0.153722
0.101366, 0.156437
0.101366, 0.159091
0.101366, 0.161687
0.101366, 0.164227
0.102836, 0.170388
0.102836, 0.172879
0.102836, 0.175324
0.102836, 0.177728
0.102836, 0.180097
0.104322, 0.186232
0.104322, 0.188597
0.104322, 0.190942
0.104322, 0.193274
0.104322, 0.195595
0.105778, 0.201976
0.105778, 0.204333
0.105778, 0.206686
0.105778, 0.209038
0.105778, 0.21139
0.107231, 0.217906
0.107231, 0.220303
0.107231, 0.222698
0.107231, 0.22509
0.107231, 0.227477
0.108597, 0.234166
0.108597, 0.236579
0.108597, 0.238977
0.108597, 0.241355
0.108597, 0.243707
0.109708, 0.251661
0.109708, 0.254004
0.109708, 0.256314
0.109708, 0.258595
0.109708, 0.260854
0.110766, 0.269259
0.110766, 0.271552
0.110766, 0.27385
0.110766, 0.276164
0.110766, 0.278504
0.110766, 0.280882
0.111697, 0.29086
0.111697, 0.293415
0.111697, 0.296047
0.111697, 0.298772
0.111697, 0.301606
0.112646, 0.309781
0.112646, 0.312931
0.112646, 0.316227
0.112646, 0.319672
0.112646, 0.323262
0.113178, 0.33093
0.113178, 0.334822
0.113178, 0.338814
0.113178, 0.342879
0.113178, 0.346985
0.112911, 0.350054
0.112911, 0.354119
0.112911, 0.358101
0.112911, 0.361944
0.112911, 0.365589
0.112626, 0.366666
0.112626, 0.36972
0.112626, 0.372404
0.112626, 0.374664
0.112626, 0.376452
0.112284, 0.374512
0.112284, 0.37523
0.112284, 0.375374
0.112284, 0.37492
0.112284, 0.373854
0.11189, 0.370024
0.11189, 0.367733
0.11189, 0.364837
0.11189, 0.361356
0.11189, 0.357318
0.111457, 0.351501
0.111457, 0.346472
0.111457, 0.341007
0.111457, 0.335152
0.111457, 0.328961
0.108448, 0.313199
0.108448, 0.30668
0.108448, 0.299969
0.108448, 0.293096
0.108448, 0.286085
0.108448, 0.278953
0.108448, 0.271711
0.0967533, 0.227478
0.0967533, 0.221033
0.0967533, 0.214404
0.0967533, 0.20749
0.0967533, 0.200173
0.0964037, 0.18908
0.0964037, 0.180766
0.0964037, 0.17181
0.0964037, 0.162228
0.0964037, 0.152089
0.0958015, 0.139335
0.0958015, 0.12864
0.0958015, 0.117874
0.0958015, 0.107297
0.0958015, 0.0972261
0.0948437, 0.0862786
0.0948437, 0.0785944
0.0948437, 0.0726948
0.0948437, 0.0690013
0.0948437, 0.0677508
0.0938461, 0.0674692
0.0938461, 0.0705702
0.0938461, 0.0751654
0.0938461, 0.0807471
0.0938461, 0.0868836
0.0928198, 0.0913409
0.0928198, 0.0975539
0.0928198, 0.103585
0.0928198, 0.109325
0.0928198, 0.1147
0.0918377, 0.117348
0.0918377, 0.121803
0.0918377, 0.125834
0.0918377, 0.12945
0.0918377, 0.132666
0.0909883, 0.133193
0.0909883, 0.135639
0.0909883, 0.137767
0.0909883, 0.139609
0.0909883, 0.141194
0.0902954, 0.140526
0.0902954, 0.14167
0.0902954, 0.142646
0.0902954, 0.143479
0.0902954, 0.144192
0.089754, 0.143159
0.089754, 0.143684
0.089754, 0.144145
0.089754, 0.144554
0.089754, 0.144923
0.089754, 0.145262
0.0893468, 0.144303
0.0893468, 0.144598
0.0893468, 0.144881
0.0893468, 0.145154
0.0893468, 0.145419
0.08904, 0.1447
0.08904, 0.144947
0.08904, 0.145186
0.08904, 0.145412
0.08904, 0.145626
0.0888091, 0.145083
0.0888091, 0.14526
0.0888091, 0.145414
0.0888091, 0.145543
0.0888091, 0.145642
0.0886378, 0.145159
0.0886378, 0.145191
0.0886378, 0.145184
0.0886378, 0.145137
0.0886378, 0.145047
0.0885158, 0.14452
0.0885158, 0.144339
0.0885158, 0.14411
0.0885158, 0.143832
0.0885158, 0.143505
0.0884389, 0.142877
0.0884389, 0.142452
0.0884389, 0.141977
0.0884389, 0.141454
0.0884389, 0.140884
0.0884042, 0.140142
0.0884042, 0.13948
0.0884042, 0.138776
0.0884042, 0.138029
0.0884042, 0.137242
0.0884037, 0.136389
0.0884037, 0.135528
0.0884037, 0.134633
0.0884037, 0.133705
0.0884037, 0.132748
0.0884351, 0.131815
0.0884351, 0.130802
0.0884351, 0.129765
0.0884351, 0.128706
0.0884351, 0.127626
0.0884917, 0.126639
0.0884917, 0.125522
0.0884917, 0.124389
0.0884917, 0.123242
0.0884917, 0.122083
0.0884917, 0.120913
0.0885762, 0.119898
0.0885762, 0.118707
0.0885762, 0.11751
0.0885762, 0.116306
0.0885762, 0.115097
0.0886731, 0.114065
0.0886731, 0.112846
0.0886731, 0.111624
0.0886731, 0.1104
0.0886731, 0.109175
0.0887992, 0.108172
0.0887992, 0.106943
0.0887992, 0.105715
0.0887992, 0.104486
0.0887992, 0.103259
0.0889278, 0.102249
0.0889278, 0.101021
0.0889278, 0.0997953
0.0889278, 0.0985712
0.0889278, 0.0973493
0.0890585, 0.0963354
0.0890585, 0.0951158
0.0890585, 0.093899
0.0890585, 0.0926855
0.0890585, 0.0914756
0.0892276, 0.0905166
0.0892276, 0.0893115
0.0892276, 0.0881108
0.0892276, 0.0869146
0.0892276, 0.085723
0.0894403, 0.0848245
0.0894403, 0.083638
0.0894403, 0.0824559
0.0894403, 0.081278
0.0894403, 0.0801039
0.0896833, 0.0792387
0.0896833, 0.0780668
0.0896833, 0.0768977
0.0896833, 0.0757311
0.0896833, 0.0745667
0.0899499, 0.073714
0.0899499, 0.0725482
0.0899499, 0.071384
0.0899499, 0.0702212
0.0899499, 0.0690597
0.0902164, 0.0681849
0.0902164, 0.0670215
0.0902164, 0.06586
0.0902164, 0.0647008
0.0902164, 0.0635444
0.0902164, 0.0623914
0.0905285, 0.0615418
0.0905285, 0.0603922
0.0905285, 0.0592482
0.0905285, 0.0581103
0.0905285, 0.0569793
0.090866, 0.0561498
0.090866, 0.0550286
0.090866, 0.0539162
0.090866, 0.0528132
0.090866, 0.0517203
0.0912244, 0.0509198
0.0912244, 0.0498431
0.0912244, 0.0487787
0.0912244, 0.0477273
0.0912244, 0.0466897
0.0915608, 0.0459045
0.0915608, 0.0448921
0.0915608, 0.0438967
0.0915608, 0.0429194
0.0915608, 0.0419616
0.0918659, 0.0412177
0.0918659, 0.0402989
0.0918659, 0.039404
0.0918659, 0.0385347
0.0918659, 0.0376926
0.0921847, 0.0370594
0.0921847, 0.0362719
0.0921847, 0.0355158
0.0921847, 0.0347921
0.0921847, 0.0341018
0.0925287, 0.0336215
0.0925287, 0.0329969
0.0925287, 0.0324076
0.0925287, 0.0318541
0.0925287, 0.0313363
0.0928878, 0.0310231
0.0928878, 0.0305747
0.0928878, 0.0301622
0.0928878, 0.0297854
0.0928878, 0.0294441
0.0932581, 0.0293015
0.0932581, 0.0290288
0.0932581, 0.0287911
0.0932581, 0.0285878
0.0932581, 0.0284187
0.093598, 0.0284286
0.093598, 0.0283262
0.093598, 0.0282569
0.093598, 0.0282201
0.093598, 0.0282149
0.093598, 0.0282406
0.0939014, 0.0284253
0.0939014, 0.0285098
0.0939014, 0.0286218
0.0939014, 0.0287596
0.0939014, 0.0289215
0.094173, 0.0292243
0.094173, 0.0294296
0.094173, 0.029653
0.094173, 0.0298924
0.094173, 0.0301455
0.0944377, 0.0305303
0.0944377, 0.0308049
0.0944377, 0.0310865
0.0944377, 0.0313729
0.0944377, 0.0316622
0.0946935, 0.0320744
0.0946935, 0.0323652
0.0946935, 0.0326539
0.0946935, 0.0329391
0.0946935, 0.0332198
0.0950154, 0.0336545
0.0950154, 0.0339248
0.0950154, 0.0341887
0.0950154, 0.0344464
0.0950154, 0.0346983
0.0953602, 0.0351228
0.0953602, 0.0353668
0.0953602, 0.0356077
0.0953602, 0.0358469
0.0953602, 0.0360857
0.0957048, 0.0365091
0.0957048, 0.0367526
0.0957048, 0.0369998
0.0957048, 0.037252
0.0957048, 0.0375103
0.0960509, 0.0379662
0.0960509, 0.0382407
0.0960509, 0.0385237
0.0960509, 0.0388157
0.0960509, 0.039117
0.0963611, 0.0396054
0.0963611, 0.0399271
0.0963611, 0.0402578
0.0963611, 0.0405969
0.0963611, 0.0409436
0.0966474, 0.0414678
0.0966474, 0.0418279
0.0966474, 0.0421922
0.0966474, 0.0425591
0.0966474, 0.0429271
0.0966474, 0.0432946
0.0969586, 0.0438554
0.0969586, 0.0442192
0.0969586, 0.0445785
0.0969586, 0.0449321
0.0969586, 0.0452792
0.0972746, 0.0458258
0.0972746, 0.0461598
0.0972746, 0.0464859
0.0972746, 0.046804
0.0972746, 0.0471139
0.0976054, 0.0476391
0.0976054, 0.0479347
0.0976054, 0.0482227
0.0976054, 0.0485038
0.0976054, 0.0487785
0.0979711, 0.0493014
0.0979711, 0.0495665
0.0979711, 0.0498275
0.0979711, 0.0500854
0.0979711, 0.0503411
0.0983595, 0.0508726
0.0983595, 0.0511288
0.0983595, 0.0513863
0.0983595, 0.0516462
0.0983595, 0.0519097
0.0987341, 0.0524516
0.0987341, 0.0527265
0.0987341, 0.0530075
0.0987341, 0.0532953
0.0987341, 0.0535899
0.0990448, 0.0541248
0.0990448, 0.0544347
0.0990448, 0.0547508
0.0990448, 0.0550721
0.0990448, 0.0553973
0.0993107, 0.05593
0.0993107, 0.0562597
0.0993107, 0.0565882
0.0993107, 0.0569135
0.0993107, 0.0572333
0.0995621, 0.0577447
0.0995621, 0.0580483
0.0995621, 0.0583402
0.0995621, 0.0586183
0.0995621, 0.0588811
0.0995621, 0.0591269
0.0998189, 0.0595638
0.0998189, 0.0597731
0.0998189, 0.0599624
0.0998189, 0.0601314
0.0998189, 0.0602799
0.100112, 0.0606503
0.100112, 0.0607589
0.100112, 0.0608482
0.100112, 0.0609194
0.100112, 0.0609738
0.100393, 0.0612464
0.100393, 0.0612722
0.100393, 0.061286
0.100393, 0.0612895
0.100393, 0.0612844
0.100685, 0.0615147
0.100685, 0.0614967
0.100685, 0.0614745
0.100685, 0.0614495
0.100685, 0.0614232
0.100945, 0.0616114
0.100945, 0.0615855
0.100945, 0.0615612
0.100945, 0.061539
0.100945, 0.0615191
0.101203, 0.061715
0.101203, 0.0617
0.101203, 0.0616874
0.101203, 0.0616769
0.101203, 0.0616683
0.101437, 0.061854
0.101437, 0.0618478
0.101437, 0.0618421
0.101437, 0.0618361
0.101437, 0.0618291
0.101656, 0.062
0.101656, 0.0619889
0.101656, 0.0619745
0.101656, 0.061956
0.101656, 0.0619327
0.101861, 0.0620718
0.101861, 0.0620366
0.101861, 0.0619946
0.101861, 0.061945
0.101861, 0.0618873
0.101861, 0.0618213
0.102091, 0.0619349
0.102091, 0.061851
0.102091, 0.0617583
0.102091, 0.0616571
0.102091, 0.0615478
0.102376, 0.0616625
0.102376, 0.061539
0.102376, 0.0614102
0.102376, 0.0612776
0.102376, 0.0611428
0.102733, 0.0612947
0.102733, 0.0611605
0.102733, 0.0610301
0.102733, 0.060906
0.102733, 0.0607907
0.103165, 0.0610316
0.103165, 0.0609411
0.103165, 0.0608672
0.103165, 0.0608128
0.103165, 0.0607807
0.103656, 0.0611632
0.103656, 0.061183
0.103656, 0.0612324
0.103656, 0.0613135
0.103656, 0.0614283
0.104176, 0.0619952
0.104176, 0.0621832
0.104176, 0.0624091
0.104176, 0.0626735
0.104176, 0.0629769
0.104668, 0.0637219
0.104668, 0.0641051
0.104668, 0.064526
0.104668, 0.0649831
0.104668, 0.0654747
0.105113, 0.0663741
0.105113, 0.0669304
0.105113, 0.0675133
0.105113, 0.0681194
0.105113, 0.0687449
0.105525, 0.0697499
0.105525, 0.0704061
0.105525, 0.07107
0.105525, 0.0717374
0.105525, 0.0724044
0.105876, 0.0733916
0.105876, 0.0740491
0.105876, 0.0746946
0.105876, 0.0753244
0.105876, 0.075935
0.105876, 0.0765231
0.106184, 0.077384
0.106184, 0.0779208
0.106184, 0.0784271
0.106184, 0.0789007
0.106184, 0.0793397
0.106434, 0.0799917
0.106434, 0.0803584
0.106434, 0.0806865
0.106434, 0.080975
0.106434, 0.0812233
0.106674, 0.0816736
0.106674, 0.0818407
0.106674, 0.0819669
0.106674, 0.0820527
0.106674, 0.0820988
0.106901, 0.0823375
0.106901, 0.0823074
0.106901, 0.0822411
0.106901, 0.0821404
0.106901, 0.082007
0.107091, 0.0820345
0.107091, 0.0818411
0.107091, 0.0816206
0.107091, 0.0813749
0.107091, 0.0811058
0.107271, 0.0809925
0.107271, 0.0806808
0.107271, 0.0803507
0.107271, 0.0800035
0.107271, 0.0796409
0.10742, 0.0794088
0.10742, 0.0790187
0.10742, 0.0786171
0.10742, 0.0782048
0.10742, 0.0777829
0.107543, 0.0774677
0.107543, 0.0770282
0.107543, 0.0765811
0.107543, 0.0761267
0.107543, 0.0756654
0.107704, 0.0753451
0.107704, 0.0748699
0.107704, 0.0743892
0.107704, 0.0739035
0.107704, 0.0734137
0.107704, 0.0729209
0.10787, 0.0725724
0.10787, 0.0720756
0.10787, 0.0715791
0.10787, 0.0710839
0.10787, 0.0705912
0.108022, 0.0702321
0.108022, 0.0697466
0.108022, 0.0692664
0.108022, 0.0687922
0.108022, 0.0683248
0.108146, 0.0679659
0.108146, 0.0675122
0.108146, 0.0670658
0.108146, 0.0666266
0.108146, 0.0661943
0.10827, 0.0658662
0.10827, 0.0654456
0.10827, 0.0650304
0.10827, 0.0646199
0.10827, 0.0642136
0.108373, 0.0638904
0.108373, 0.0634903
0.108373, 0.0630924
0.108373, 0.0626963
0.108373, 0.0623013
0.108444, 0.0619587
0.108444, 0.0615634
0.108444, 0.0611671
0.108444, 0.0607689
0.108444, 0.060368
0.108511, 0.0600115
0.108511, 0.0596026
0.108511, 0.0591888
0.108511, 0.0587697
0.108511, 0.0583448
0.108591, 0.0579686
0.108591, 0.057531
0.108591, 0.0570871
0.108591, 0.0566373
0.108591, 0.0561819
0.10866, 0.0557678
0.10866, 0.0553025
0.10866, 0.0548333
0.10866, 0.054361
0.10866, 0.053886
0.10866, 0.0534092
0.108719, 0.0529682
0.108719, 0.0524892
0.108719, 0.0520104
0.108719, 0.051532
0.108719, 0.0510547
0.108832, 0.050648
0.108832, 0.0501737
0.108832, 0.0497023
0.108832, 0.049235
0.108832, 0.0487727
0.108906, 0.0483592
0.108906, 0.04791
0.108906, 0.047469
0.108906, 0.0470366
0.108906, 0.0466133
0.108953, 0.0462254
0.108953, 0.0458205
0.108953, 0.0454248
0.108953, 0.0450375
0.108953, 0.0446583
0.108982, 0.044301
0.108982, 0.0439352
0.108982, 0.0435748
0.108982, 0.0432187
0.108982, 0.0428659
0.108995, 0.0425212
0.108995, 0.0421715
0.108995, 0.0418218
0.108995, 0.0414711
0.108995, 0.0411183
0.109, 0.0407644
0.109, 0.0404049
0.109, 0.0400409
0.109, 0.0396719
0.109, 0.0392973
0.108994, 0.0389137
0.108994, 0.038527
0.108994, 0.038134
0.108994, 0.0377345
0.108994, 0.0373285
0.108981, 0.03691
0.108981, 0.0364915
0.108981, 0.0360671
0.108981, 0.0356369
0.108981, 0.0352014
0.108981, 0.0347609
0.10898, 0.0343149
0.10898, 0.033866
0.10898, 0.0334137
0.10898, 0.0329588
0.10898, 0.032502
0.108975, 0.032042
0.108975, 0.0315841
0.108975, 0.0311267
0.108975, 0.0306707
0.108975, 0.0302169
0.108963, 0.0297615
0.108963, 0.0293139
0.108963, 0.0288702
0.108963, 0.0284311
0.108963, 0.0279967
0.108947, 0.0275618
0.108947, 0.0271381
0.108947, 0.0267199
0.108947, 0.0263074
0.108947, 0.0259007
0.108932, 0.0254949
0.108932, 0.0250995
0.108932, 0.0247098
0.108932, 0.0243256
0.108932, 0.0239469
0.108912, 0.0235676
0.108912, 0.0231995
0.108912, 0.0228365
0.108912, 0.0224784
0.108912, 0.022125
0.108888, 0.0217699
0.108888, 0.0214255
0.108888, 0.0210852
0.108888, 0.0207489
0.108888, 0.0204163
0.108877, 0.0200845
0.108877, 0.0197589
0.108877, 0.0194366
0.108877, 0.0191178
0.108877, 0.0188023
0.108865, 0.0184877
0.108865, 0.0181794
0.108865, 0.0178748
0.108865, 0.017574
0.108865, 0.0172773
0.108855, 0.0169827
0.108855, 0.0166944
0.108855, 0.0164106
0.108855, 0.0161312
0.108855, 0.0158564
0.108855, 0.0155863
0.108858, 0.0153216
0.108858, 0.0150611
0.108858, 0.0148056
0.108858, 0.0145552
0.108858, 0.0143101
0.10889, 0.0140761
0.10889, 0.0138421
0.10889, 0.0136143
0.10889, 0.0133929
0.10889, 0.0131786
0.108906, 0.0129742
0.108906, 0.0127751
0.108906, 0.0125841
0.108906, 0.0124014
0.108906, 0.0122271
0.108921, 0.0120633
0.108921, 0.0119055
0.108921, 0.0117556
0.108921, 0.0116135
0.108921, 0.0114787
0.108929, 0.0113522
0.108929, 0.011231
0.108929, 0.011116
0.108929, 0.0110065
0.108929, 0.010902
0.10894, 0.0108035
0.10894, 0.0107074
0.10894, 0.0106146
0.10894, 0.0105248
0.10894, 0.0104374
0.108957, 0.0103541
0.108957, 0.0102703
0.108957, 0.0101877
0.108957, 0.0101062
0.108957, 0.0100255
0.108969, 0.00994697
0.108969, 0.00986757
0.108969, 0.00978865
0.108969, 0.00971011
0.108969, 0.00963184
0.108975, 0.00955457
0.108975, 0.00947662
0.108975, 0.00939871
0.108975, 0.00932074
0.108975, 0.00924262
0.108975, 0.00916425
0.108991, 0.00908739
0.108991, 0.00900836
0.108991, 0.00892901
0.108991, 0.0088494
0.108991, 0.00876966
0.109013, 0.0086923
0.109013, 0.00861273
0.109013, 0.00853356
0.109013, 0.00845505
0.109013, 0.00837744
0.10904, 0.00830381
0.10904, 0.00822881
0.10904, 0.00815554
0.10904, 0.0080843
0.10904, 0.00801535
0.10908, 0.00795291
0.10908, 0.00788934
0.10908, 0.00782893
0.10908, 0.00777197
0.10908, 0.00771878
0.109132, 0.00767452
0.109132, 0.00762975
0.109132, 0.00758966
0.109132, 0.00755458
0.109132, 0.00752481
0.109196, 0.00750655
0.109196, 0.00748818
0.109196, 0.00747593
0.109196, 0.00747008
0.109196, 0.00747086
0.109281, 0.00748629
0.109281, 0.00750104
0.109281, 0.00752315
0.109281, 0.00755289
0.109281, 0.00759055
0.109357, 0.00764349
0.109357, 0.00769766
0.109357, 0.00776022
0.109357, 0.00783111
0.109357, 0.00791021
0.109436, 0.0080049
0.109436, 0.00809972
0.109436, 0.00820183
0.109436, 0.00831082
0.109436, 0.00842619
0.109521, 0.00855629
0.109521, 0.00868302
0.109521, 0.00881458
0.109521, 0.00895047
0.109521, 0.00909021
0.109521, 0.00923332
0.109592, 0.00938753
0.109592, 0.00953606
0.109592, 0.00968643
0.109592, 0.00983809
0.109592, 0.00999042
0.109676, 0.0101531
0.109676, 0.0103052
0.109676, 0.0104564
0.109676, 0.0106064
0.109676, 0.0107547
0.109783, 0.0109154
0.109783, 0.01106
0.109783, 0.0112028
0.109783, 0.0113439
0.109783, 0.0114836
0.109894, 0.011638
0.109894, 0.0117763
0.109894, 0.0119145
0.109894, 0.0120532
0.109894, 0.0121926
0.110026, 0.0123531
0.110026, 0.0124959
0.110026, 0.012641
0.110026, 0.0127891
0.110026, 0.0129406
0.110178, 0.0131201
0.110178, 0.0132804
0.110178, 0.0134458
0.110178, 0.0136168
0.110178, 0.0137941
0.11037, 0.0140106
0.11037, 0.0142024
0.11037, 0.0144023
0.11037, 0.0146109
0.11037, 0.014829
0.110614, 0.0151015
0.110614, 0.0153415
0.110614, 0.0155935
0.110614, 0.0158585
0.110614, 0.0161375
0.110892, 0.0164862
0.110892, 0.0167973
0.110892, 0.0171253
0.110892, 0.0174712
0.110892, 0.0178357
0.110892, 0.0182197
0.11118, 0.0186875
0.11118, 0.0191128
0.11118, 0.0195583
0.11118, 0.0200241
0.11118, 0.0205097
0.111485, 0.0210909
0.111485, 0.0216168
0.111485, 0.0221608
0.111485, 0.0227223
0.111485, 0.0233002
0.111784, 0.0239783
0.111784, 0.0245882
0.111784, 0.0252111
0.111784, 0.0258459
0.111784, 0.0264909
0.112065, 0.0272345
0.112065, 0.0278978
0.112065, 0.0285665
0.112065, 0.029239
0.112065, 0.0299135
0.112338, 0.0306862
0.112338, 0.0313612
0.112338, 0.0320328
0.112338, 0.0326992
0.112338, 0.0333588
0.112604, 0.0341161
0.112604, 0.03476
0.112604, 0.0353929
0.112604, 0.0360138
0.112604, 0.0366216
0.112867, 0.0373294
0.112867, 0.0379105
0.112867, 0.0384764
0.112867, 0.0390266
0.112867, 0.0395609
0.113147, 0.0402096
0.113147, 0.0407133
0.113147, 0.041201
0.113147, 0.0416734
0.113147, 0.0421309
0.113403, 0.0427002
0.113403, 0.0431314
0.113403, 0.0435497
0.113403, 0.0439557
0.113403, 0.04435
0.113403, 0.0447331
0.113659, 0.0452385
0.113659, 0.0456016
0.113659, 0.0459547
0.113659, 0.0462983
0.113659, 0.0466327
0.113909, 0.0470936
0.113909, 0.0474117
0.113909, 0.0477218
0.113909, 0.048024
0.113909, 0.0483186
0.114152, 0.048741
0.114152, 0.049022
0.114152, 0.049296
0.114152, 0.0495632
0.114152, 0.0498236
0.114381, 0.0502082
0.114381, 0.0504559
0.114381, 0.0506969
0.114381, 0.050931
0.114381, 0.0511582
0.1146, 0.0515062
0.1146, 0.0517195
0.1146, 0.0519253
0.1146, 0.0521234
0.1146, 0.0523135
0.114813, 0.0526227
0.114813, 0.0527968
0.114813, 0.0529624
0.114813, 0.0531195
0.114813, 0.0532678
0.115013, 0.0535278
0.115013, 0.053659
0.115013, 0.0537813
0.115013, 0.0538947
0.115013, 0.0539991
0.115203, 0.0542103
0.115203, 0.0542971
0.115203, 0.0543748
0.115203, 0.0544434
0.115203, 0.0545031
0.115378, 0.0546614
0.115378, 0.0547033
0.115378, 0.0547363
0.115378, 0.0547604
0.115378, 0.0547756
0.115378, 0.054782
0.115534, 0.0548752
0.115534, 0.054864
0.115534, 0.0548441
0.115534, 0.0548154
0.115534, 0.054778
0.11567, 0.054814
0.11567, 0.0547586
0.11567, 0.0546942
0.11567, 0.0546206
0.11567, 0.0545375
0.115793, 0.0545193
0.115793, 0.0544169
0.115793, 0.0543046
0.115793, 0.0541824
0.115793, 0.0540502
0.115907, 0.0539761
0.115907, 0.0538235
0.115907, 0.0536611
0.115907, 0.0534887
0.115907, 0.0533066
0.116006, 0.0531729
0.116006, 0.0529719
0.116006, 0.0527618
0.116006, 0.0525428
0.116006, 0.0523153
0.116089, 0.0521266
0.116089, 0.0518824
0.116089, 0.0516303
0.116089, 0.0513705
0.116089, 0.0511032
0.116158, 0.0508668
0.116158, 0.0505848
0.116158, 0.0502957
0.116158, 0.0499997
0.116158, 0.049697
0.11623, 0.0494266
0.11623, 0.0491107
0.11623, 0.0487888
0.11623, 0.0484611
0.11623, 0.048128
0.116301, 0.0478272
0.116301, 0.0474845
0.116301, 0.0471379
0.116301, 0.0467879
0.116301, 0.0464351
0.116301, 0.0460801
0.11638, 0.0457631
0.11638, 0.0454051
0.11638, 0.0450469
0.11638, 0.044689
0.11638, 0.0443321
0.11646, 0.0440155
0.11646, 0.0436624
0.11646, 0.0433124
0.11646, 0.0429659
0.11646, 0.0426237
0.116519, 0.0423129
0.116519, 0.0419801
0.116519, 0.0416525
0.116519, 0.0413301
0.116519, 0.0410129
0.116556, 0.040717
0.116556, 0.0404093
0.116556, 0.0401057
0.116556, 0.0398057
0.116556, 0.0395085
0.11658, 0.0392232
0.11658, 0.0389295
0.11658, 0.0386363
0.11658, 0.0383429
0.11658, 0.0380484
0.116593, 0.0377567
0.116593, 0.0374577
0.116593, 0.0371555
0.116593, 0.0368493
0.116593, 0.0365386
0.116595, 0.0362235
0.116595, 0.0359024
0.116595, 0.0355756
0.116595, 0.0352428
0.116595, 0.0349039
0.116593, 0.0345571
0.116593, 0.0342056
0.116593, 0.0338478
0.116593, 0.0334839
0.116593, 0.033114
0.116582, 0.0327342
0.116582, 0.0323534
0.116582, 0.0319675
0.116582, 0.0315769
0.116582, 0.0311821
0.116582, 0.0307834
0.116566, 0.0303754
0.116566, 0.0299703
0.116566, 0.0295627
0.116566, 0.029153
0.116566, 0.0287417
0.116544, 0.0283218
0.116544, 0.0279085
0.116544, 0.0274948
0.116544, 0.027081
0.116544, 0.0266675
0.116519, 0.026247
0.116519, 0.0258351
0.116519, 0.0254245
0.116519, 0.0250152
0.116519, 0.0246076
0.116492, 0.0241946
0.116492, 0.0237912
0.116492, 0.0233902
0.116492, 0.0229917
0.116492, 0.0225959
0.116464, 0.0221958
0.116464, 0.021806
0.116464, 0.0214194
0.116464, 0.0210361
0.116464, 0.0206561
0.116435, 0.0202729
0.116435, 0.0199002
0.116435, 0.0195312
0.116435, 0.019166
0.116435, 0.0188046
0.116405, 0.0184408
0.116405, 0.0180873
0.116405, 0.0177378
0.116405, 0.0173923
0.116405, 0.0170508
0.116367, 0.0167063
0.116367, 0.016373
0.116367, 0.0160438
0.116367, 0.0157184
0.116367, 0.0153969
0.116303, 0.015068
0.116303, 0.0147537
0.116303, 0.0144425
0.116303, 0.0141339
0.116303, 0.0138273
0.11623, 0.0135113
0.11623, 0.0132075
0.11623, 0.012904
0.11623, 0.0126005
0.11623, 0.0122962
0.11623, 0.0119909
0.116161, 0.011675
0.116161, 0.0113669
0.116161, 0.0110568
0.116161, 0.0107449
0.116161, 0.0104312
0.116081, 0.0101069
0.116081, 0.00979037
0.116081, 0.00947272
0.116081, 0.00915426
0.116081, 0.00883536
0.115979, 0.00850669
0.115979, 0.0081886
0.115979, 0.00787137
0.115979, 0.00755542
0.115979, 0.00724123
0.115877, 0.00692137
0.115877, 0.00661287
0.115877, 0.00630822
0.115877, 0.00600846
0.115877, 0.00571488
0.115772, 0.00542266
0.115772, 0.00514677
0.115772, 0.00488273
0.115772, 0.00463321
0.115772, 0.00440129
0.115665, 0.00418539
0.115665, 0.0039997
0.115665, 0.00384295
0.115665, 0.00371909
0.115665, 0.00363171
0.115539, 0.00357845
0.115539, 0.003571
0.115539, 0.00360433
0.115539, 0.00367714
0.115539, 0.00378698
0.115415, 0.00392508
0.115415, 0.00409848
0.115415, 0.00429813
0.115415, 0.00452039
0.115415, 0.00476194
0.115296, 0.0050131
0.115296, 0.00528435
0.115296, 0.00556702
0.115296, 0.00585911
0.115296, 0.00615889
0.115181, 0.00645637
0.115181, 0.00676666
0.115181, 0.0070805
0.115181, 0.0073968
0.115181, 0.00771456
0.115181, 0.00803289
0.115057, 0.0083393
0.115057, 0.00865604
0.115057, 0.00897131
0.115057, 0.00928464
0.115057, 0.00959567
0.114928, 0.00988975
0.114928, 0.010195
0.114928, 0.0104973
0.114928, 0.0107966
0.114928, 0.0110929
0.114781, 0.0113673
0.114781, 0.0116574
0.114781, 0.0119449
0.114781, 0.0122302
0.114781, 0.0125137
0.114649, 0.0127767
0.114649, 0.0130573
0.114649, 0.0133372
0.114649, 0.0136165
0.114649, 0.0138953
0.11449, 0.0141482
0.11449, 0.0144257
0.11449, 0.014703
0.11449, 0.0149803
0.11449, 0.0152579
0.114295, 0.0155014
0.114295, 0.0157798
0.114295, 0.0160599
0.114295, 0.0163422
0.114295, 0.0166275
0.114048, 0.0168691
0.114048, 0.0171624
0.114048, 0.0174617
0.114048, 0.0177683
0.114048, 0.0180836
0.11374, 0.0183438
0.11374, 0.0186792
0.11374, 0.0190277
0.11374, 0.0193908
0.11374, 0.0197702
0.113399, 0.0200884
0.113399, 0.0205035
0.113399, 0.0209395
0.113399, 0.0213976
0.113399, 0.021879
0.113025, 0.022287
0.113025, 0.0228152
0.113025, 0.0233688
0.113025, 0.0239482
0.113025, 0.0245538
0.113025, 0.0251855
0.112622, 0.0257215
0.112622, 0.0264014
0.112622, 0.0271062
0.112622, 0.0278352
0.112622, 0.0285875
0.112206, 0.0292182
0.112206, 0.0300103
0.112206, 0.0308223
0.112206, 0.0316531
0.112206, 0.0325013
0.111783, 0.0331976
0.111783, 0.0340721
0.111783, 0.0349595
0.111783, 0.0358587
0.111783, 0.0367679
0.111359, 0.0374935
0.111359, 0.0384141
0.111359, 0.0393404
0.111359, 0.0402713
0.111359, 0.0412053
0.110938, 0.041924
0.110938, 0.0428556
0.110938, 0.0437867
0.110938, 0.044716
0.110938, 0.0456424
0.110516, 0.0463228
0.110516, 0.0472358
0.110516, 0.048143
0.110516, 0.0490438
0.110516, 0.0499373
0.110092, 0.0505584
0.110092, 0.0514309
0.110092, 0.0522944
0.110092, 0.0531484
0.110092, 0.0539925
0.109659, 0.0545432
0.109659, 0.0553622
0.109659, 0.0561702
0.109659, 0.056967
0.109659, 0.057752
0.109223, 0.0582255
0.109223, 0.0589821
0.109223, 0.0597259
0.109223, 0.0604564
0.109223, 0.0611731
0.109223, 0.0618758
0.108784, 0.0622389
0.108784, 0.062909
0.108784, 0.0635643
0.108784, 0.0642049
0.108784, 0.0648307
0.108354, 0.0650955
0.108354, 0.0656894
0.108354, 0.0662695
0.108354, 0.0668366
0.108354, 0.0673911
0.107935, 0.0675713
0.107935, 0.0681003
0.107935, 0.0686192
0.107935, 0.0691288
0.107935, 0.0696299
0.107516, 0.0697411
0.107516, 0.0702249
0.107516, 0.0707025
0.107516, 0.0711746
0.107516, 0.0716418
0.107096, 0.0717098
0.107096, 0.0721665
0.107096, 0.07262
0.107096, 0.0730708
0.107096, 0.0735194
0.106675, 0.0735604
0.106675, 0.0740031
0.106675, 0.0744444
0.106675, 0.0748848
0.106675, 0.0753243
0.10625, 0.0753484
0.10625, 0.0757842
0.10625, 0.0762194
0.10625, 0.0766539
0.10625, 0.0770876
0.105828, 0.0771025
0.105828, 0.0775314
0.105828, 0.0779584
0.105828, 0.0783831
0.105828, 0.0788048
0.105404, 0.0787955
0.105404, 0.079207
0.105404, 0.0796134
0.105404, 0.0800141
0.105404, 0.0804082
0.105404, 0.0807951
0.104976, 0.0807342
0.104976, 0.0811026
0.104976, 0.0814621
0.104976, 0.0818122
0.104976, 0.0821523
0.104542, 0.082033
0.104542, 0.0823508
0.104542, 0.082658
0.104542, 0.0829546
0.104542, 0.0832406
0.104105, 0.0830586
0.104105, 0.0833222
0.104105, 0.0835758
0.104105, 0.0838195
0.104105, 0.0840538
0.103664, 0.0838144
0.103664, 0.0840298
0.103664, 0.0842372
0.103664, 0.084437
0.103664, 0.0846297
0.103218, 0.0843443
0.103218, 0.0845237
0.103218, 0.0846976
0.103218, 0.0848667
0.103218, 0.0850315
0.102779, 0.0847207
0.102779, 0.0848775
0.102779, 0.0850314
0.102779, 0.0851829
0.102779, 0.0853322
0.102355, 0.0850156
0.102355, 0.0851608
0.102355, 0.0853048
0.102355, 0.0854475
0.102355, 0.085589
0.101959, 0.0852882
0.101959, 0.0854265
0.101959, 0.0855632
0.101959, 0.0856979
0.101959, 0.0858302
0.101604, 0.085564
0.101604, 0.0856892
0.101604, 0.0858099
0.101604, 0.0859253
0.101604, 0.0860342
0.101284, 0.0857816
0.101284, 0.085874
0.101284, 0.0859566
0.101284, 0.0860282
0.101284, 0.0860876
0.101284, 0.0861338
0.101009, 0.0858601
0.101009, 0.0858768
0.101009, 0.0858775
0.101009, 0.0858613
0.101009, 0.0858272
0.10078, 0.0855196
0.10078, 0.0854481
0.10078, 0.0853569
0.10078, 0.0852453
0.10078, 0.0851128
0.100557, 0.0847119
0.100557, 0.084537
0.100557, 0.0843405
0.100557, 0.0841224
0.100557, 0.0838832
0.100335, 0.08338
0.100335, 0.0831007
0.100335, 0.082802
0.100335, 0.082485
0.100335, 0.0821508
0.100101, 0.081548
0.100101, 0.0811841
0.100101, 0.0808072
0.100101, 0.0804186
0.100101, 0.0800202
0.0998422, 0.0793396
0.0998422, 0.0789278
0.0998422, 0.0785114
0.0998422, 0.0780922
0.0998422, 0.0776722
0.0995497, 0.0769504
0.0995497, 0.0765358
0.0995497, 0.0761259
0.0995497, 0.0757226
0.0995497, 0.0753277
0.0991942, 0.0745831
0.0991942, 0.0742119
0.0991942, 0.0738543
0.0991942, 0.0735122
0.0991942, 0.0731874
0.0987987, 0.0724853
0.0987987, 0.0722015
0.0987987, 0.0719397
0.0987987, 0.0717013
0.0987987, 0.0714878
0.0983725, 0.0708693
0.0983725, 0.0707095
0.0983725, 0.0705773
0.0983725, 0.0704733
0.0983725, 0.0703981
0.0983725, 0.0703519
0.0979557, 0.0699026
0.0979557, 0.0699143
0.0979557, 0.0699542
0.0979557, 0.0700217
0.0979557, 0.0701159
0.0975406, 0.0697961
0.0975406, 0.0699394
0.0975406, 0.0701056
0.0975406, 0.0702933
0.0975406, 0.070501
0.0971307, 0.0702804
0.0971307, 0.0705218
0.0971307, 0.0707784
0.0971307, 0.0710488
0.0971307, 0.0713315
0.096728, 0.0711708
0.096728, 0.0714722
0.096728, 0.0717822
0.096728, 0.0720996
0.096728, 0.0724236
0.0963327, 0.0722992
0.0963327, 0.0726322
0.0963327, 0.07297
0.0963327, 0.0733121
0.0963327, 0.0736583
0.0959451, 0.0735616
0.0959451, 0.0739138
0.0959451, 0.0742702
0.0959451, 0.0746308
0.0959451, 0.0749958
0.0955625, 0.074926
0.0955625, 0.0752983
0.0955625, 0.0756756
0.0955625, 0.0760583
0.0955625, 0.0764463
0.0951899, 0.0764144
0.0951899, 0.0768115
0.0951899, 0.0772144
0.0951899, 0.0776231
0.0951899, 0.0780374
0.0948162, 0.0780413
0.0948162, 0.0784643
0.0948162, 0.0788918
0.0948162, 0.0793227
0.0948162, 0.0797555
0.0948162, 0.0801886
0.0944441, 0.0802226
0.0944441, 0.080648
0.0944441, 0.0810673
0.0944441, 0.0814779
0.0944441, 0.0818771
0.0940764, 0.0819106
0.0940764, 0.0822786
0.0940764, 0.0826288
0.0940764, 0.0829596
0.0940764, 0.0832699
0.0937161, 0.08326
0.0937161, 0.0835277
0.0937161, 0.0837756
0.0937161, 0.0840053
0.0937161, 0.0842192
0.0898195, 0.0797636
0.0898195, 0.0799496
0.0898195, 0.0801417
0.0898195, 0.0803544
0.0898195, 0.0806039
0.0783304, 0.066268
0.0783304, 0.0666102
0.0783304, 0.0671088
0.0783304, 0.0678581
0.0783304, 0.0689703
0.077647, 0.069867
0.077647, 0.072019
0.077647, 0.0748124
0.077647, 0.0782766
0.077647, 0.0824085
0.0764344, 0.0848299
0.0764344, 0.0900382
0.0764344, 0.0957461
0.0764344, 0.101874
0.0764344, 0.108337
0.0746342, 0.111751
0.0746342, 0.118421
0.0746342, 0.125163
0.0746342, 0.131901
0.0746342, 0.138566
0.0726679, 0.143192
0.0726679, 0.14945
0.0726679, 0.155475
0.0726679, 0.16123
0.0726679, 0.166684
0.0705209, 0.169311
0.0705209, 0.174034
0.0705209, 0.178413
0.0705209, 0.182447
0.0705209, 0.186138
0.0705209, 0.189495
0.0682216, 0.18948
0.0682216, 0.192162
0.0682216, 0.194559
0.0682216, 0.196691
0.0682216, 0.198582
0.0659612, 0.197099
0.0659612, 0.198553
0.0659612, 0.199838
0.0659612, 0.200979
0.0659612, 0.201998
0.0637846, 0.199816
0.0637846, 0.200642
0.0637846, 0.201407
0.0637846, 0.202129
0.0637846, 0.202823
0.0617366, 0.200555
0.0617366, 0.201219
0.0617366, 0.201889
0.0617366, 0.202571
0.0617366, 0.203272
0.0598177, 0.201213
0.0598177, 0.201951
0.0598177, 0.202715
0.0598177, 0.203504
0.0598177, 0.204317
0.058061, 0.202575
0.058061, 0.203418
0.058061, 0.204275
0.058061, 0.205142
0.058061, 0.206013
0.0564758, 0.204525
0.0564758, 0.205379
0.0564758, 0.206221
0.0564758, 0.207045
0.0564758, 0.207844
0.0549938, 0.206381
0.0549938, 0.207108
0.0549938, 0.207795
0.0549938, 0.208438
0.0549938, 0.209033
0.0536154, 0.207482
0.0536154, 0.207966
0.0536154, 0.208393
0.0536154, 0.208761
0.0536154, 0.209069
0.0522638, 0.207268
0.0522638, 0.207452
0.0522638, 0.207575
0.0522638, 0.207639
0.0522638, 0.207645
0.0522638, 0.207593
0.0509243, 0.205481
0.0509243, 0.205325
0.0509243, 0.205119
0.0509243, 0.204867
0.0509243, 0.204573
0.0496111, 0.202317
0.0496111, 0.201951
0.0496111, 0.201554
0.0496111, 0.201128
0.0496111, 0.200677
0.0482594, 0.198292
0.0482594, 0.197805
0.0482594, 0.197304
0.0482594, 0.19679
0.0482594, 0.196268
0.04692, 0.193919
0.04692, 0.193393
0.04692, 0.192866
0.04692, 0.192341
0.04692, 0.191819
0.0456342, 0.189635
0.0456342, 0.189131
0.0456342, 0.188634
0.0456342, 0.188146
0.0456342, 0.187667
0.0443828, 0.185665
0.0443828, 0.185209
0.0443828, 0.184762
0.0443828, 0.184324
0.0443828, 0.183894
0.0431568, 0.18207
0.0431568, 0.181658
0.0431568, 0.181251
0.0431568, 0.18085
0.0431568, 0.180453
0.0419706, 0.178812
0.0419706, 0.178423
0.0419706, 0.178035
0.0419706, 0.177648
0.0419706, 0.177259
0.0407848, 0.175761
0.0407848, 0.175372
0.0407848, 0.174979
0.0407848, 0.174584
0.0407848, 0.174185
0.0396375, 0.172859
0.0396375, 0.172454
0.0396375, 0.172044
0.0396375, 0.17163
0.0396375, 0.171211
0.0396375, 0.170787
0.0385002, 0.16963
0.0385002, 0.169199
0.0385002, 0.168763
0.0385002, 0.168324
0.0385002, 0.167881
0.0373931, 0.166919
0.0373931, 0.16647
0.0373931, 0.166018
0.0373931, 0.165563
0.0373931, 0.165107
0.0362573, 0.164353
0.0362573, 0.163893
0.0362573, 0.163432
0.0362573, 0.162969
0.0362573, 0.162507
0.035107, 0.150371
0.035107, 0.149942
0.035107, 0.149516
0.035107, 0.149091
0.035107, 0.148669
0.0339222, 0.143303
0.0339222, 0.142902
0.0339222, 0.142506
0.0339222, 0.142116
0.0339222, 0.141731
0.0327599, 0.136563
0.0327599, 0.136205
0.0327599, 0.135855
0.0327599, 0.135512
0.0327599, 0.135177
0.0315825, 0.130061
0.0315825, 0.129754
0.0315825, 0.129455
0.0315825, 0.129164
0.0315825, 0.12888
0.0303537, 0.123666
0.0303537, 0.123409
0.0303537, 0.123159
0.0303537, 0.122918
0.0303537, 0.122683
0.0290696, 0.117349
0.0290696, 0.117139
0.0290696, 0.116938
0.0290696, 0.116744
0.0290696, 0.116559
0.0277362, 0.111125
0.0277362, 0.110965
0.0277362, 0.110814
0.0277362, 0.110672
0.0277362, 0.110539
0.0277362, 0.110416
0.02633, 0.104807
0.02633, 0.10471
0.02633, 0.104623
0.02633, 0.104546
0.02633, 0.10448
0.024933, 0.0989826
0.024933, 0.0989406
0.024933, 0.0989092
0.024933, 0.0988883
0.024933, 0.0988777
0.0235622, 0.0935445
0.0235622, 0.0935535
0.0235622, 0.0935714
0.0235622, 0.0935978
0.0235622, 0.0936321
0.02221, 0.088408
0.02221, 0.0884533
0.02221, 0.0885041
0.02221, 0.0885596
0.02221, 0.088619
0.0208341, 0.083314
0.0208341, 0.0833751
0.0208341, 0.083438
0.0208341, 0.083502
0.0208341, 0.0835666
0.0194661, 0.0782776
0.0194661, 0.0783381
0.0194661, 0.0783979
0.0194661, 0.0784569
0.0194661, 0.0785148
0.0181113, 0.0732554
0.0181113, 0.0733067
0.0181113, 0.0733564
0.0181113, 0.0734043
0.0181113, 0.0734505
0.0167072, 0.0679843
0.0167072, 0.0680234
0.0167072, 0.0680607
0.0167072, 0.0680963
0.0167072, 0.0681304
0.015236, 0.0623961
0.015236, 0.0624251
0.015236, 0.0624535
0.015236, 0.0624815
0.015236, 0.0625096
0.0136963, 0.0565198
0.0136963, 0.0565465
0.0136963, 0.0565745
0.0136963, 0.0566042
0.0136963, 0.0566361
0.0136963, 0.0566706
0.0120621, 0.0503492
0.0120621, 0.0503856
0.0120621, 0.0504255
0.0120621, 0.0504692
0.0120621, 0.0505171
0.0103107, 0.043808
0.0103107, 0.0438577
0.0103107, 0.043912
0.0103107, 0.0439711
0.0103107, 0.0440355
0.00846779, 0.037076
0.00846779, 0.0371396
0.00846779, 0.0372083
0.00846779, 0.0372823
0.00846779, 0.0373618
0.00655597, 0.0303248
0.00655597, 0.0303984
0.00655597, 0.0304767
0.00655597, 0.0305598
0.00655597, 0.0306477
0.00459599, 0.0238294
0.00459599, 0.0239049
0.00459599, 0.0239841
0.00459599, 0.0240668
0.00459599, 0.024153
0.00261122, 0.0182308
0.00261122, 0.0183005
0.00261122, 0.0183726
0.00261122, 0.0184469
0.00261122, 0.0185232
0.000618642, 0.0150457
0.000618642, 0.0151103
0.000618642, 0.0151763
0.000618642, 0.0152433
0.000618642, 0.0153114
-0.0013498, 0
-0.0013498, 0
-0.0013498, 0
-0.0013498, 0
-0.0013498, 0
-0.0032799, 0
-0.0032799, 0
-0.0032799, 0
-0.0032799, 0
-0.0032799, 0
-0.00517548, 0
-0.00517548, 0
-0.00517548, 0
-0.00517548, 0
-0.00517548, 0
-0.00517548, 0
-0.00705644, 0
-0.00705644, 0
-0.00705644, 0
-0.00705644, 0
-0.00705644, 0
-0.00895272, 0
-0.00895272, 0
-0.00895272, 0
-0.00895272, 0
-0.00895272, 0
-0.010906, 0
-0.010906, 0
-0.010906, 0
-0.010906, 0
-0.010906, 0
-0.0129631, 0
-0.0129631, 0
-0.0129631, 0
-0.0129631, 0
-0.0129631, 0
-0.0151623, 0
-0.0151623, 0
-0.0151623, 0
-0.0151623, 0
-0.0151623, 0
-0.0174703, 0
-0.0174703, 0
-0.0174703, 0
-0.0174703, 0
-0.0174703, 0
-0.0198929, 0
-0.0198929, 0
-0.0198929, 0
-0.0198929, 0
-0.0198929, 0
-0.0223896, 0
-0.0223896, 0
-0.0223896, 0
-0.0223896, 0
-0.0223896, 0
-0.0249302, 0
-0.0249302, 0
-0.0249302, 0
-0.0249302, 0
-0.0249302, 0
-0.027509, 0
-0.027509, 0
-0.027509, 0
-0.027509, 0
-0.027509, 0
-0.027509, 0
-0.0301062, 0
-0.0301062, 0
-0.0301062, 0
-0.0301062, 0
-0.0301062, 0
-0.0326183, 0
-0.0326183, 0
-0.0326183, 0
-0.0326183, 0
-0.0326183, 0
-0.0350083, 0
-0.0350083, 0
-0.0350083, 0
-0.0350083, 0
-0.0350083, 0
-0.0372267, 0
-0.0372267, 0
-0.0372267, 0
-0.0372267, 0
-0.0372267, 0
-0.0393503, 0
-0.0393503, 0
-0.0393503, 0
-0.0393503, 0
-0.0393503, 0
-0.041365, 0
-0.041365, 0
-0.041365, 0
-0.041365, 0
-0.041365, 0
-0.0432586, 0
-0.0432586, 0
-0.0432586, 0
-0.0432586, 0
-0.0432586, 0
-0.0450651, 0
-0.0450651, 0
-0.0450651, 0
-0.0450651, 0
-0.0450651, 0
-0.0468113, 0
-0.0468113, 0
-0.0468113, 0
-0.0468113, 0
-0.0468113, 0
-0.0485173, 0
-0.0485173, 0
-0.0485173, 0
-0.0485173, 0
-0.0485173, 0
-0.0485173, 0
-0.0502083, 0
-0.0502083, 0
-0.0502083, 0
-0.0502083, 0
-0.0502083, 0
-0.0518989, 0
-0.0518989, 0
-0.0518989, 0
-0.0518989, 0
-0.0518989, 0
-0.0536081, 0
-0.0536081, 0
-0.0536081, 0
-0.0536081, 0
-0.0536081, 0
-0.0553664, 0
-0.0553664, 0
-0.0553664, 0
-0.0553664, 0
-0.0553664, 0
-0.0571174, 0
-0.0571174, 0
-0.0571174, 0
-0.0571174, 0
-0.0571174, 0
-0.0589498, 0
-0.0589498, 0
-0.0589498, 0
-0.0589498, 0
-0.0589498, 0
-0.0606943, 0
-0.0606943, 0
-0.0606943, 0
-0.0606943, 0
-0.0606943, 0
-0.0623675, 0
-0.0623675, 0
-0.0623675, 0
-0.0623675, 0
-0.0623675, 0
-0.0640186, 0
-0.0640186, 0
-0.0640186, 0
-0.0640186, 0
-0.0640186, 0
-0.065667, 0
-0.065667, 0
-0.065667, 0
-0.065667, 0
-0.065667, 0
-0.065667, 0
-0.0673653, 0
-0.0673653, 0
-0.0673653, 0
-0.0673653, 0
-0.0673653, 0
-0.0690563, 0
-0.0690563, 0
-0.0690563, 0
-0.0690563, 0
-0.0690563, 0
-0.0706491, 0
-0.0706491, 0
-0.0706491, 0
-0.0706491, 0
-0.0706491, 0
-0.0720216, 0
-0.0720216, 0
-0.0720216, 0
-0.0720216, 0
-0.0720216, 0
-0.0730872, 0
-0.0730872, 0
-0.0730872, 0
-0.0730872, 0
-0.0730872, 0
