DOP, Force
-0.00460666, 0
-0.00460666, 0
-0.00460666, 0
-0.00460666, 0
-0.00460666, 0
-0.0043113, 0
-0.0043113, 0
-0.0043113, 0
-0.0043113, 0
-0.0043113, 0
-0.00397956, 0
-0.00397956, 0
-0.00397956, 0
-0.00397956, 0
-0.00397956, 0
-0.00397956, 0
-0.00397956, 0
-0.00359157, 0
-0.00359157, 0
-0.00359157, 0
-0.00359157, 0
-0.00359157, 0
-0.00316366, 0
-0.00316366, 0
-0.00316366, 0
-0.00316366, 0
-0.00316366, 0
-0.00276557, 0
-0.00276557, 0
-0.00276557, 0
-0.00276557, 0
-0.00276557, 0
-0.00243393, 0
-0.00243393, 0
-0.00243393, 0
-0.00243393, 0
-0.00243393, 0
-0.0021486, 0
-0.0021486, 0
-0.0021486, 0
-0.0021486, 0
-0.0021486, 0
-0.00188802, 0
-0.00188802, 0
-0.00188802, 0
-0.00188802, 0
-0.00188802, 0
-0.00167196, 0
-0.00167196, 0
-0.00167196, 0
-0.00167196, 0
-0.00167196, 0
-0.0014921, 0
-0.0014921, 0
-0.0014921, 0
-0.0014921, 0
-0.0014921, 0
-0.0014921, 0
-0.00133202, 0
-0.00133202, 0
-0.00133202, 0
-0.00133202, 0
-0.00133202, 0
-0.00119263, 0
-0.00119263, 0
-0.00119263, 0
-0.00119263, 0
-0.00119263, 0
-0.00107254, 0
-0.00107254, 0
-0.00107254, 0
-0.00107254, 0
-0.00107254, 0
-0.000982394, 0
-0.000982394, 0
-0.000982394, 0
-0.000982394, 0
-0.000982394, 0
-0.000915938, 0
-0.000915938, 0
-0.000915938, 0
-0.000915938, 0
-0.000915938, 0
-0.000858749, 0
-0.000858749, 0
-0.000858749, 0
-0.000858749, 0
-0.000858749, 0
-0.000797477, 0
-0.000797477, 0
-0.000797477, 0
-0.000797477, 0
-0.000797477, 0
-0.00073567, 0
-0.00073567, 0
-0.00073567, 0
-0.00073567, 0
-0.00073567, 0
-0.00073567, 0
-0.00066123, 0
-0.00066123, 0
-0.00066123, 0
-0.00066123, 0
-0.00066123, 0
-0.00058974, 0
-0.00058974, 0
-0.00058974, 0
-0.00058974, 0
-0.00058974, 0
-0.000508001, 0
-0.000508001, 0
-0.000508001, 0
-0.000508001, 0
-0.000508001, 0
-0.000418426, 0
-0.000418426, 0
-0.000418426, 0
-0.000418426, 0
-0.000418426, 0
-0.000310467, 0
-0.000310467, 0
-0.000310467, 0
-0.000310467, 0
-0.000310467, 0
-0.000187491, 0
-0.000187491, 0
-0.000187491, 0
-0.000187491, 0
-0.000187491, 0
-6.15672e-05, 0
-6.15672e-05, 0
-6.15672e-05, 0
-6.15672e-05, 0
-6.15672e-05, 0
0.00012854, 0.00672728
0.00012854, 0.00672728
0.00012854, 0.00672728
0.00012854, 0.00672728
0.00012854, 0.00672728
0.00012854, 0.00672728
0.000377581, 0.0133764
0.000377581, 0.0133764
0.000377581, 0.0133764
0.000377581, 0.0133764
0.000377581, 0.0133764
0.000638389, 0.0217245
0.000638389, 0.0217245
0.000638389, 0.0217245
0.000638389, 0.0217245
0.000638389, 0.0217245
0.000911771, 0.0307885
0.000911771, 0.0307885
0.000911771, 0.0307885
0.000911771, 0.0307885
0.000911771, 0.0307885
0.00117353, 0.0395894
0.00117353, 0.0395894
0.00117353, 0.0395894
0.00117353, 0.0395894
0.00117353, 0.0395894
0.00143008, 0.0482607
0.00143008, 0.0482607
0.00143008, 0.0482607
0.00143008, 0.0482607
0.00143008, 0.0482607
0.00174577, 0.0589136
0.00174577, 0.0589136
0.00174577, 0.0589136
0.00174577, 0.0589136
0.00174577, 0.0589136
0.00209016, 0.0705774
0.00209016, 0.0705774
0.00209016, 0.0705774
0.00209016, 0.0705774
0.00209016, 0.0705774
0.00244706, 0.0826885
0.00244706, 0.0826885
0.00244706, 0.0826885
0.00244706, 0.0826885
0.00244706, 0.0826885
0.00244706, 0.0826885
0.00280562, 0.0948753
0.00280562, 0.0948753
0.00280562, 0.0948753
0.00280562, 0.0948753
0.00280562, 0.0948753
0.00317814, 0.107538
0.00317814, 0.107538
0.00317814, 0.107538
0.00317814, 0.107538
0.00317814, 0.107538
0.00351316, 0.118969
0.00351316, 0.118969
0.00351316, 0.118969
0.00351316, 0.118969
0.00351316, 0.118969
0.00388282, 0.131537
0.00388282, 0.131537
0.00388282, 0.131537
0.00388282, 0.131537
0.00388282, 0.131537
0.00428811, 0.145322
0.00428811, 0.145322
0.00428811, 0.145322
0.00428811, 0.145322
0.00428811, 0.145322
0.00471884, 0.15998
0.00471884, 0.15998
0.00471884, 0.15998
0.00471884, 0.15998
0.00471884, 0.15998
0.00516855, 0.175285
0.00516855, 0.175285
0.00516855, 0.175285
0.00516855, 0.175285
0.00516855, 0.175285
0.00567029, 0.192341
0.00567029, 0.192341
0.00567029, 0.192341
0.00567029, 0.192341
0.00567029, 0.192341
0.00567029, 0.192341
0.00621285, 0.210798
0.00621285, 0.210798
0.00621285, 0.210798
0.00621285, 0.210798
0.00621285, 0.210798
0.00681059, 0.231124
0.00681059, 0.231124
0.00681059, 0.231124
0.00681059, 0.231124
0.00681059, 0.231124
0.00743941, 0.252523
0.00743941, 0.252523
0.00743941, 0.252523
0.00743941, 0.252523
0.00743941, 0.252523
0.00804651, 0.273212
0.00804651, 0.273212
0.00804651, 0.273212
0.00804651, 0.273212
0.00804651, 0.273212
0.00863069, 0.29312
0.00863069, 0.29312
0.00863069, 0.29312
0.00863069, 0.29312
0.00863069, 0.29312
0.00916249, 0.311263
0.00916249, 0.311263
0.00916249, 0.311263
0.00916249, 0.311263
0.00916249, 0.311263
0.00965616, 0.3281
0.00965616, 0.3281
0.00965616, 0.3281
0.00965616, 0.3281
0.00965616, 0.3281
0.0101067, 0.343474
0.0101067, 0.343474
0.0101067, 0.343474
0.0101067, 0.343474
0.0101067, 0.343474
0.0101067, 0.343474
0.0104884, 0.356519
0.0104884, 0.356519
0.0104884, 0.356519
0.0104884, 0.356519
0.0104884, 0.356519
0.0108236, 0.367964
0.0108236, 0.367964
0.0108236, 0.367964
0.0108236, 0.367964
0.0108236, 0.367964
0.0111295, 0.378406
0.0111295, 0.378406
0.0111295, 0.378406
0.0111295, 0.378406
0.0111295, 0.378406
0.011395, 0.387477
0.011395, 0.387477
0.011395, 0.387477
0.011395, 0.387477
0.011395, 0.387477
0.0116625, 0.396583
0.0116625, 0.396583
0.0116625, 0.396583
0.0116625, 0.396583
0.0116625, 0.396583
0.0119255, 0.40554
0.0119255, 0.40554
0.0119255, 0.40554
0.0119255, 0.40554
0.0119255, 0.40554
0.012206, 0.41507
0.012206, 0.41507
0.012206, 0.41507
0.012206, 0.41507
0.012206, 0.41507
0.0125094, 0.425372
0.0125094, 0.425372
0.0125094, 0.425372
0.0125094, 0.425372
0.0125094, 0.425372
0.0125094, 0.425372
0.012803, 0.435348
0.012803, 0.435348
0.012803, 0.435348
0.012803, 0.435348
0.012803, 0.435348
0.0130937, 0.445217
0.0130937, 0.445217
0.0130937, 0.445217
0.0130937, 0.445217
0.0130937, 0.445217
0.0133831, 0.455034
0.0133831, 0.455034
0.0133831, 0.455034
0.0133831, 0.455034
0.0133831, 0.455034
0.0136486, 0.464051
0.0136486, 0.464051
0.0136486, 0.464051
0.0136486, 0.464051
0.0136486, 0.464051
0.0138985, 0.472533
0.0138985, 0.472533
0.0138985, 0.472533
0.0138985, 0.472533
0.0138985, 0.472533
0.0141729, 0.481824
0.0141729, 0.481824
0.0141729, 0.481824
0.0141729, 0.481824
0.0141729, 0.481824
0.0144757, 0.0154235
0.0144757, 0.0153833
0.0144757, 0.0153427
0.0144757, 0.0153018
0.0144757, 0.0152607
0.0147502, 0.0155079
0.0147502, 0.015466
0.0147502, 0.0154244
0.0147502, 0.0153831
0.0147502, 0.0153422
0.0150315, 0.0155926
0.0150315, 0.015552
0.0150315, 0.015512
0.0150315, 0.0154726
0.0150315, 0.015434
0.0150315, 0.0153961
0.0153164, 0.0156492
0.0153164, 0.0156122
0.0153164, 0.0155759
0.0153164, 0.0155404
0.0153164, 0.0155058
0.0155919, 0.0157498
0.0155919, 0.0157163
0.0155919, 0.0156835
0.0155919, 0.0156515
0.0155919, 0.0156202
0.0158862, 0.0158831
0.0158862, 0.0158526
0.0158862, 0.0158228
0.0158862, 0.0157937
0.0158862, 0.0157652
0.0162054, 0.0160528
0.0162054, 0.0160251
0.0162054, 0.0159982
0.0162054, 0.0159721
0.0162054, 0.015947
0.0164945, 0.016207
0.0164945, 0.0161835
0.0164945, 0.0161612
0.0164945, 0.0161401
0.0164945, 0.0161201
0.0167892, 0.0163883
0.0167892, 0.0163702
0.0167892, 0.016353
0.0167892, 0.0163368
0.0167892, 0.0163214
0.0170872, 0.016596
0.0170872, 0.0165818
0.0170872, 0.0165684
0.0170872, 0.0165555
0.0170872, 0.0165431
0.0173871, 0.0168212
0.0173871, 0.0168095
0.0173871, 0.0167981
0.0173871, 0.0167871
0.0173871, 0.0167764
0.0173871, 0.0167659
0.0177136, 0.0170699
0.0177136, 0.0170597
0.0177136, 0.0170498
0.0177136, 0.0170403
0.0177136, 0.0170311
0.0180342, 0.0173306
0.0180342, 0.0173224
0.0180342, 0.0173148
0.0180342, 0.017308
0.0180342, 0.0173019
0.0183164, 0.0175679
0.0183164, 0.0175635
0.0183164, 0.0175598
0.0183164, 0.0175569
0.0183164, 0.0175546
0.0186082, 0.0178323
0.0186082, 0.0178307
0.0186082, 0.0178293
0.0186082, 0.0178279
0.0186082, 0.0178263
0.0188929, 0.0180976
0.0188929, 0.0180954
0.0188929, 0.0180926
0.0188929, 0.0180893
0.0188929, 0.0180853
0.019221, 0.0183941
0.019221, 0.0183884
0.019221, 0.018382
0.019221, 0.0183749
0.019221, 0.0183673
0.0195303, 0.0186554
0.0195303, 0.0186471
0.0195303, 0.0186386
0.0195303, 0.0186303
0.0195303, 0.0186221
0.0198524, 0.0189213
0.0198524, 0.0189138
0.0198524, 0.0189067
0.0198524, 0.0189003
0.0198524, 0.0188946
0.0198524, 0.0188897
0.0202069, 0.0192228
0.0202069, 0.0192197
0.0202069, 0.0192177
0.0202069, 0.0192169
0.0202069, 0.0192175
0.0205606, 0.0195566
0.0205606, 0.0195604
0.0205606, 0.019566
0.0205606, 0.0195735
0.0205606, 0.0195829
0.0208926, 0.0199115
0.0208926, 0.0199252
0.0208926, 0.0199409
0.0208926, 0.0199585
0.0208926, 0.0199779
0.0211989, 0.0202929
0.0211989, 0.0203157
0.0211989, 0.0203398
0.0211989, 0.0203648
0.0211989, 0.0203904
0.0215342, 0.0207393
0.0215342, 0.0207657
0.0215342, 0.0207918
0.0215342, 0.0208176
0.0215342, 0.0208427
0.0218871, 0.0212096
0.0218871, 0.0212337
0.0218871, 0.0212569
0.0218871, 0.0212794
0.0218871, 0.0213011
0.0222659, 0.0216915
0.0222659, 0.0217124
0.0222659, 0.021733
0.0222659, 0.0217535
0.0222659, 0.0217741
0.0226767, 0.0221973
0.0226767, 0.0222192
0.0226767, 0.0222421
0.0226767, 0.0222662
0.0226767, 0.0222919
0.0226767, 0.0223194
0.02316, 0.0228253
0.02316, 0.0228582
0.02316, 0.0228941
0.02316, 0.0229333
0.02316, 0.0229764
0.0236598, 0.0235213
0.0236598, 0.0235744
0.0236598, 0.0236326
0.0236598, 0.0236963
0.0236598, 0.0237658
0.0241546, 0.0243408
0.0241546, 0.0244241
0.0241546, 0.0245138
0.0241546, 0.0246099
0.0241546, 0.0247122
0.0246145, 0.0252944
0.0246145, 0.0254108
0.0246145, 0.0255327
0.0246145, 0.0256596
0.0246145, 0.025791
0.0250043, 0.0263385
0.0250043, 0.0264791
0.0250043, 0.0266221
0.0250043, 0.0267665
0.0250043, 0.0269113
0.0253191, 0.0273979
0.0253191, 0.0275423
0.0253191, 0.0276839
0.0253191, 0.0278215
0.0253191, 0.027954
0.0255766, 0.0283673
0.0255766, 0.0284874
0.0255766, 0.028599
0.0255766, 0.0287012
0.0255766, 0.028793
0.0257993, 0.0291261
0.0257993, 0.0291953
0.0257993, 0.0292518
0.0257993, 0.0292951
0.0257993, 0.0293249
0.0259772, 0.0295445
0.0259772, 0.0295465
0.0259772, 0.0295343
0.0259772, 0.029508
0.0259772, 0.0294676
0.0259772, 0.0294134
0.0261153, 0.0295025
0.0261153, 0.0294211
0.0261153, 0.0293267
0.0261153, 0.0292198
0.0261153, 0.029101
0.0262311, 0.0290997
0.0262311, 0.0289578
0.0262311, 0.0288055
0.0262311, 0.0286434
0.0262311, 0.028472
0.0263116, 0.0283796
0.0263116, 0.028191
0.0263116, 0.027995
0.0263116, 0.0277921
0.0263116, 0.0275828
0.0264248, 0.0274848
0.0264248, 0.0272633
0.0264248, 0.0270371
0.0264248, 0.0268068
0.0264248, 0.0265729
0.0265549, 0.0264658
0.0265549, 0.0262259
0.0265549, 0.0259846
0.0265549, 0.0257427
0.0265549, 0.0255008
0.0266983, 0.0253958
0.0266983, 0.0251548
0.0266983, 0.0249159
0.0266983, 0.0246798
0.0266983, 0.0244469
0.0268177, 0.0243261
0.0268177, 0.0241003
0.0268177, 0.0238792
0.0268177, 0.0236629
0.0268177, 0.0234517
0.026945, 0.0233554
0.026945, 0.0231535
0.026945, 0.0229569
0.026945, 0.0227653
0.026945, 0.0225788
0.026945, 0.0223972
0.0270647, 0.0223187
0.0270647, 0.0221456
0.0270647, 0.021977
0.0270647, 0.0218125
0.0270647, 0.0216519
0.0271818, 0.0215876
0.0271818, 0.0214334
0.0271818, 0.0212824
0.0271818, 0.0211343
0.0271818, 0.0209889
0.0273107, 0.0209442
0.0273107, 0.0208027
0.0273107, 0.0206632
0.0273107, 0.0205256
0.0273107, 0.0203898
0.0274584, 0.0203647
0.0274584, 0.0202314
0.0274584, 0.0200999
0.0274584, 0.01997
0.0274584, 0.0198419
0.0276314, 0.0198392
0.0276314, 0.0197142
0.0276314, 0.0195913
0.0276314, 0.0194709
0.0276314, 0.0193531
0.0278255, 0.0193728
0.0278255, 0.0192602
0.0278255, 0.019151
0.0278255, 0.0190455
0.0278255, 0.018944
0.0280387, 0.0189906
0.0280387, 0.0188971
0.0280387, 0.0188082
0.0280387, 0.0187244
0.0280387, 0.0186456
0.0282793, 0.0187311
0.0282793, 0.0186625
0.0282793, 0.0185996
0.0282793, 0.0185425
0.0282793, 0.0184913
0.0282793, 0.0184461
0.0285174, 0.0185619
0.0285174, 0.0185285
0.0285174, 0.0185012
0.0285174, 0.0184799
0.0285174, 0.0184643
0.0287245, 0.0185886
0.0287245, 0.0185841
0.0287245, 0.0185845
0.0287245, 0.0185896
0.0287245, 0.0185989
0.0289229, 0.0187402
0.0289229, 0.0187563
0.0289229, 0.0187748
0.0289229, 0.0187953
0.0289229, 0.0188172
0.0290774, 0.0189409
0.0290774, 0.0189639
0.0290774, 0.0189864
0.0290774, 0.0190079
0.0290774, 0.0190278
0.0292623, 0.0191662
0.0292623, 0.019181
0.0292623, 0.0191925
0.0292623, 0.0192005
0.0292623, 0.0192047
0.0294519, 0.0193296
0.0294519, 0.0193258
0.0294519, 0.0193181
0.0294519, 0.0193066
0.0294519, 0.0192914
0.029656, 0.0194064
0.029656, 0.0193846
0.029656, 0.0193598
0.029656, 0.0193327
0.029656, 0.0193035
0.0298699, 0.0194118
0.0298699, 0.0193796
0.0298699, 0.0193467
0.0298699, 0.0193134
0.0298699, 0.0192803
0.030104, 0.0193987
0.030104, 0.0193668
0.030104, 0.0193364
0.030104, 0.0193077
0.030104, 0.0192812
0.030104, 0.0192571
0.0303527, 0.019395
0.0303527, 0.0193768
0.0303527, 0.0193619
0.0303527, 0.0193507
0.0303527, 0.0193432
0.0306141, 0.0195065
0.0306141, 0.0195071
0.0306141, 0.019512
0.0306141, 0.0195212
0.0306141, 0.0195347
0.0309217, 0.019749
0.0309217, 0.0197714
0.0309217, 0.0197985
0.0309217, 0.0198301
0.0309217, 0.0198665
0.0312641, 0.0201283
0.0312641, 0.0201751
0.0312641, 0.020227
0.0312641, 0.0202845
0.0312641, 0.0203475
0.0316217, 0.0206502
0.0316217, 0.0207258
0.0316217, 0.0208076
0.0316217, 0.0208956
0.0316217, 0.0209899
0.0319958, 0.0213403
0.0319958, 0.0214485
0.0319958, 0.021563
0.0319958, 0.0216837
0.0319958, 0.0218106
0.032385, 0.0222107
0.032385, 0.0223511
0.032385, 0.0224971
0.032385, 0.0226485
0.032385, 0.0228052
0.0327389, 0.0232186
0.0327389, 0.0233866
0.0327389, 0.0235589
0.0327389, 0.0237348
0.0327389, 0.0239138
0.033084, 0.0243499
0.033084, 0.0245352
0.033084, 0.0247217
0.033084, 0.0249087
0.033084, 0.0250955
0.033084, 0.0252814
0.033084, 0.0254659
0.0334122, 0.0259036
0.0334122, 0.0260852
0.0334122, 0.0262637
0.0334122, 0.0264384
0.0334122, 0.026609
0.0337361, 0.0270353
0.0337361, 0.027198
0.0337361, 0.0273554
0.0337361, 0.0275072
0.0337361, 0.0276534
0.0340444, 0.0280484
0.0340444, 0.0281838
0.0340444, 0.0283132
0.0340444, 0.0284364
0.0340444, 0.0285534
0.0343477, 0.0289202
0.0343477, 0.0290259
0.0343477, 0.0291255
0.0343477, 0.029219
0.0343477, 0.0293068
0.0346346, 0.029635
0.0346346, 0.0297122
0.0346346, 0.029784
0.0346346, 0.0298505
0.0346346, 0.0299119
0.0349191, 0.030215
0.0349191, 0.0302671
0.0349191, 0.0303146
0.0349191, 0.0303576
0.0349191, 0.0303964
0.0351749, 0.0306547
0.0351749, 0.0306857
0.0351749, 0.0307128
0.0351749, 0.0307361
0.0351749, 0.0307557
0.0353986, 0.0309678
0.0353986, 0.0309801
0.0353986, 0.0309885
0.0353986, 0.0309929
0.0353986, 0.0309931
0.0355973, 0.0311633
0.0355973, 0.0311547
0.0355973, 0.0311413
0.0355973, 0.0311229
0.0355973, 0.0310993
0.0355973, 0.0310703
0.0357744, 0.0311903
0.0357744, 0.0311498
0.0357744, 0.0311033
0.0357744, 0.0310508
0.0357744, 0.0309922
0.0359713, 0.0310974
0.0359713, 0.031026
0.0359713, 0.0309486
0.0359713, 0.0308654
0.0359713, 0.0307766
0.0361662, 0.0333317
0.0361662, 0.0332354
0.0361662, 0.0331349
0.0361662, 0.0330305
0.0361662, 0.0329228
0.0363614, 0.0344331
0.0363614, 0.0343202
0.0363614, 0.0342053
0.0363614, 0.0340891
0.0363614, 0.0339718
0.0365564, 0.0354934
0.0365564, 0.0353754
0.0365564, 0.0352577
0.0365564, 0.0351405
0.0365564, 0.0350242
0.0367975, 0.0369447
0.0367975, 0.0368311
0.0367975, 0.0367194
0.0367975, 0.03661
0.0367975, 0.0365034
0.0370948, 0.0389233
0.0370948, 0.0388236
0.0370948, 0.0387283
0.0370948, 0.038638
0.0370948, 0.0385533
0.0374567, 0.0415531
0.0374567, 0.0414818
0.0374567, 0.0414183
0.0374567, 0.0413633
0.0374567, 0.0413178
0.0374567, 0.0412823
0.0378063, 0.0442401
0.0378063, 0.0442266
0.0378063, 0.0442247
0.0378063, 0.0442347
0.0378063, 0.0442566
0.0381793, 0.047466
0.0381793, 0.0475115
0.0381793, 0.0475684
0.0381793, 0.0476364
0.0381793, 0.0477152
0.0385335, 0.050827
0.0385335, 0.0509258
0.0385335, 0.0510338
0.0385335, 0.0511502
0.0385335, 0.0512743
0.0389048, 0.0545691
0.0389048, 0.0547059
0.0389048, 0.054848
0.0389048, 0.0549945
0.0389048, 0.0551447
0.039303, 0.0586937
0.039303, 0.0588493
0.039303, 0.0590068
0.039303, 0.0591657
0.039303, 0.0593256
0.0397001, 0.062878
0.0397001, 0.0630392
0.0397001, 0.0632007
0.0397001, 0.0633623
0.0397001, 0.0635238
0.0401092, 0.0314576
0.0401092, 0.0316253
0.0401092, 0.0317926
0.0401092, 0.0319595
0.0401092, 0.032126
0.0405854, 0.0324326
0.0405854, 0.0325991
0.0405854, 0.0327655
0.0405854, 0.0329323
0.0405854, 0.0330999
0.0405854, 0.0332688
0.0411347, 0.0336069
0.0411347, 0.0337808
0.0411347, 0.0339579
0.0411347, 0.034139
0.0411347, 0.0343248
0.041758, 0.0347116
0.041758, 0.0349107
0.041758, 0.0351173
0.041758, 0.0353325
0.041758, 0.0355571
0.0423707, 0.0359902
0.0423707, 0.0362376
0.0423707, 0.0364967
0.0423707, 0.0367679
0.0423707, 0.0370516
0.0429493, 0.0375417
0.0429493, 0.0378517
0.0429493, 0.0381735
0.0429493, 0.0385067
0.0429493, 0.0388503
0.0434487, 0.0393782
0.0434487, 0.0397412
0.0434487, 0.040111
0.0434487, 0.0404861
0.0434487, 0.0408645
0.0438786, 0.0414019
0.0438786, 0.0417829
0.0438786, 0.0421613
0.0438786, 0.0425351
0.0438786, 0.0429022
0.0442557, 0.0434045
0.0442557, 0.0437531
0.0442557, 0.0440889
0.0442557, 0.0444102
0.0442557, 0.0447152
0.0446125, 0.0451439
0.0446125, 0.0454132
0.0446125, 0.0456624
0.0446125, 0.0458906
0.0446125, 0.0460973
0.044982, 0.0464321
0.044982, 0.0465952
0.044982, 0.0467364
0.044982, 0.0468559
0.044982, 0.0469543
0.044982, 0.0470324
0.0453436, 0.0472401
0.0453436, 0.0472807
0.0453436, 0.047304
0.0453436, 0.0473115
0.0453436, 0.0473042
0.0457185, 0.0474381
0.0457185, 0.0474055
0.0457185, 0.0473624
0.0457185, 0.0473101
0.0457185, 0.04725
0.0461101, 0.0473439
0.0461101, 0.0472721
0.0461101, 0.0471965
0.0461101, 0.0471183
0.0461101, 0.0470388
0.0464921, 0.0471144
0.0464921, 0.0470352
0.0464921, 0.0469577
0.0464921, 0.0468827
0.0464921, 0.0468107
0.0468542, 0.0468884
0.0468542, 0.0468238
0.0468542, 0.0467635
0.0468542, 0.0467075
0.0468542, 0.0466558
0.0471792, 0.0467383
0.0471792, 0.0466945
0.0471792, 0.0466543
0.0471792, 0.046617
0.0471792, 0.0465821
0.0475222, 0.0466855
0.0475222, 0.0466533
0.0475222, 0.0466217
0.0475222, 0.04659
0.0475222, 0.0465578
0.0478893, 0.0466705
0.0478893, 0.046636
0.0478893, 0.0466
0.0478893, 0.0465624
0.0478893, 0.0465234
0.0482832, 0.0466388
0.0482832, 0.0465969
0.0482832, 0.0465539
0.0482832, 0.0465103
0.0482832, 0.0464666
0.0482832, 0.046423
0.0486628, 0.0465298
0.0486628, 0.046488
0.0486628, 0.0464478
0.0486628, 0.0464094
0.0486628, 0.0463733
0.0490487, 0.0464907
0.0490487, 0.0464594
0.0490487, 0.0464307
0.0490487, 0.0464048
0.0490487, 0.0463818
0.0493769, 0.0464901
0.0493769, 0.0464727
0.0493769, 0.0464578
0.0493769, 0.046445
0.0493769, 0.0464338
0.0496693, 0.0465375
0.0496693, 0.0465276
0.0496693, 0.0465172
0.0496693, 0.0465057
0.0496693, 0.046492
0.0499484, 0.0465839
0.0499484, 0.0465635
0.0499484, 0.0465386
0.0499484, 0.0465085
0.0499484, 0.0464725
0.0502484, 0.0465465
0.0502484, 0.0464971
0.0502484, 0.0464407
0.0502484, 0.0463771
0.0502484, 0.0463062
0.0505803, 0.0463564
0.0505803, 0.0462716
0.0505803, 0.0461806
0.0505803, 0.0460839
0.0505803, 0.0459824
0.0509237, 0.0460079
0.0509237, 0.0458986
0.0509237, 0.0457869
0.0509237, 0.0456738
0.0509237, 0.0455601
0.0512524, 0.0455708
0.0512524, 0.0454582
0.0512524, 0.0453475
0.0512524, 0.0452392
0.0512524, 0.045134
0.0512524, 0.0450321
0.0515676, 0.0450512
0.0515676, 0.0449568
0.0515676, 0.0448666
0.0515676, 0.0447804
0.0515676, 0.0446983
0.0519118, 0.0447469
0.0519118, 0.0446724
0.0519118, 0.0446015
0.0519118, 0.0445343
0.0519118, 0.0444707
0.052301, 0.0445529
0.052301, 0.0444961
0.052301, 0.044443
0.052301, 0.0443938
0.052301, 0.0443487
0.0527664, 0.0444776
0.0527664, 0.0444417
0.0527664, 0.0444113
0.0527664, 0.0443871
0.0527664, 0.0443699
0.0532554, 0.0445384
0.0532554, 0.0445375
0.0532554, 0.044546
0.0532554, 0.0445645
0.0532554, 0.0445939
0.0537232, 0.0448052
0.0537232, 0.0448578
0.0537232, 0.0449225
0.0537232, 0.0449992
0.0537232, 0.0450878
0.0541338, 0.0453389
0.0541338, 0.0454506
0.0541338, 0.0455726
0.0541338, 0.045704
0.0541338, 0.0458436
0.0544914, 0.0461233
0.0544914, 0.0462758
0.0544914, 0.0464321
0.0544914, 0.0465906
0.0544914, 0.0467496
0.0548144, 0.0470296
0.0548144, 0.0471848
0.0548144, 0.0473353
0.0548144, 0.0474795
0.0548144, 0.0476159
0.0548144, 0.047743
0.0550963, 0.0479683
0.0550963, 0.0480735
0.0550963, 0.0481661
0.0550963, 0.048245
0.0550963, 0.0483096
0.0553431, 0.048455
0.0553431, 0.0484891
0.0553431, 0.0485072
0.0553431, 0.0485091
0.0553431, 0.0484945
0.0555598, 0.0485474
0.0555598, 0.0484998
0.0555598, 0.0484358
0.0555598, 0.0483556
0.0555598, 0.0482595
0.055812, 0.0482447
0.055812, 0.0481179
0.055812, 0.0479768
0.055812, 0.0478224
0.055812, 0.0476556
0.0561173, 0.0475933
0.0561173, 0.047405
0.0561173, 0.0472083
0.0561173, 0.0470048
0.0561173, 0.0467961
0.0565161, 0.0467322
0.0565161, 0.046518
0.0565161, 0.0463043
0.0565161, 0.0460933
0.0565161, 0.0458871
0.0569916, 0.0458607
0.0569916, 0.0456699
0.0569916, 0.0454903
0.0569916, 0.0453242
0.0569916, 0.0451735
0.0574889, 0.0452178
0.0574889, 0.0451028
0.0574889, 0.0450082
0.0574889, 0.0449353
0.0574889, 0.044885
0.0574889, 0.044858
0.0579913, 0.0450328
0.0579913, 0.0450534
0.0579913, 0.0450977
0.0579913, 0.0451655
0.0579913, 0.0452562
0.0584573, 0.0455353
0.0584573, 0.0456694
0.0584573, 0.0458232
0.0584573, 0.0459952
0.0584573, 0.0461838
0.0588707, 0.0465373
0.0588707, 0.0467539
0.0588707, 0.0469812
0.0588707, 0.0472168
0.0588707, 0.0474584
0.0592142, 0.0478318
0.0592142, 0.0480792
0.0592142, 0.0483257
0.0592142, 0.0485687
0.0592142, 0.048806
0.0595165, 0.0491505
0.0595165, 0.0493701
0.0595165, 0.0495774
0.0595165, 0.0497707
0.0595165, 0.0499482
0.0598227, 0.0502275
0.0598227, 0.0503696
0.0598227, 0.0504924
0.0598227, 0.0505952
0.0598227, 0.0506776
0.0601428, 0.0508653
0.0601428, 0.050907
0.0601428, 0.0509288
0.0601428, 0.0509313
0.0601428, 0.0509155
0.0604883, 0.0510182
0.0604883, 0.0509688
0.0604883, 0.0509047
0.0604883, 0.0508275
0.0604883, 0.0507386
0.0604883, 0.0506399
0.0608763, 0.0506842
0.0608763, 0.0505704
0.0608763, 0.050452
0.0608763, 0.0503307
0.0608763, 0.0502082
0.0612698, 0.0502381
0.0612698, 0.0501181
0.0612698, 0.0500019
0.0612698, 0.0498908
0.0612698, 0.049786
0.0616513, 0.0498339
0.0616513, 0.0497445
0.0616513, 0.049664
0.0616513, 0.0495929
0.0616513, 0.0495314
0.0619786, 0.0496035
0.0619786, 0.0495613
0.0619786, 0.0495282
0.0619786, 0.0495037
0.0619786, 0.049487
0.0622891, 0.0495938
0.0622891, 0.0495893
0.0622891, 0.0495894
0.0622891, 0.0495928
0.0622891, 0.0495981
0.0625668, 0.0497089
0.0625668, 0.0497147
0.0625668, 0.0497188
0.0625668, 0.0497201
0.0625668, 0.0497174
0.0628155, 0.0498033
0.0628155, 0.0497894
0.0628155, 0.0497685
0.0628155, 0.0497398
0.0628155, 0.0497023
0.06307, 0.0497508
0.06307, 0.049694
0.06307, 0.0496269
0.06307, 0.0495494
0.06307, 0.0494614
0.0633433, 0.0494646
0.0633433, 0.0493558
0.0633433, 0.0492371
0.0633433, 0.0491092
0.0633433, 0.0489729
0.0633433, 0.0488287
0.0636163, 0.0487778
0.0636163, 0.0486205
0.0636163, 0.048458
0.0636163, 0.0482914
0.0636163, 0.0481215
0.0638902, 0.048048
0.0638902, 0.0478739
0.0638902, 0.0476992
0.0638902, 0.0475245
0.0638902, 0.0473507
0.0642031, 0.0472889
0.0642031, 0.0471183
0.0642031, 0.0469505
0.0642031, 0.0467862
0.0642031, 0.0466261
0.0645524, 0.0465925
0.0645524, 0.0464425
0.0645524, 0.0462988
0.0645524, 0.0461622
0.0645524, 0.0460332
0.0649627, 0.0460535
0.0649627, 0.0459416
0.0649627, 0.0458395
0.0649627, 0.045748
0.0649627, 0.0456678
0.0653955, 0.0457468
0.0653955, 0.0456912
0.0653955, 0.0456489
0.0653955, 0.0456204
0.0653955, 0.0456062
0.0658018, 0.0457443
0.0658018, 0.0457594
0.0658018, 0.0457891
0.0658018, 0.0458331
0.0658018, 0.0458909
0.0661565, 0.0460827
0.0661565, 0.0461663
0.0661565, 0.0462611
0.0661565, 0.0463659
0.0661565, 0.0464792
0.0661565, 0.0465995
0.0664509, 0.0468268
0.0664509, 0.0469565
0.0664509, 0.0470882
0.0664509, 0.04722
0.0664509, 0.04735
0.0667156, 0.0475687
0.0667156, 0.0476899
0.0667156, 0.0478039
0.0667156, 0.0479091
0.0667156, 0.048004
0.0669885, 0.0481837
0.0669885, 0.0482545
0.0669885, 0.0483117
0.0669885, 0.0483546
0.0669885, 0.0483829
0.0672709, 0.0484966
0.0672709, 0.0484951
0.0672709, 0.0484791
0.0672709, 0.0484488
0.0672709, 0.0484049
0.067566, 0.0484526
0.067566, 0.0483837
0.067566, 0.0483039
0.067566, 0.0482141
0.067566, 0.0481156
0.0678564, 0.0481115
0.0678564, 0.047999
0.0678564, 0.0478812
0.0678564, 0.0477595
0.0678564, 0.0476349
0.0680978, 0.0475919
0.0680978, 0.047464
0.0680978, 0.0473357
0.0680978, 0.0472073
0.0680978, 0.0470793
0.0683049, 0.0470223
0.0683049, 0.046895
0.0683049, 0.046768
0.0683049, 0.0466409
0.0683049, 0.0465133
0.0684849, 0.0464452
0.0684849, 0.0463151
0.0684849, 0.046183
0.0684849, 0.0460481
0.0684849, 0.0459099
0.0684849, 0.0457677
0.0686429, 0.0456731
0.0686429, 0.0455212
0.0686429, 0.0453637
0.0686429, 0.0452001
0.0686429, 0.0450301
0.0687836, 0.0448988
0.0687836, 0.0447148
0.0687836, 0.0445236
0.0687836, 0.0443249
0.0687836, 0.0441186
0.0688944, 0.0439398
0.0688944, 0.0437182
0.0688944, 0.0434892
0.0688944, 0.0432526
0.0688944, 0.0430085
0.0689878, 0.0427856
0.0689878, 0.0425267
0.0689878, 0.0422607
0.0689878, 0.0419877
0.0689878, 0.0417078
0.0690831, 0.0414496
0.0690831, 0.0411567
0.0690831, 0.0408578
0.0690831, 0.0405534
0.0690831, 0.0402438
0.0691923, 0.0399607
0.0691923, 0.039642
0.0691923, 0.0393198
0.0691923, 0.0389947
0.0691923, 0.0386675
0.0693107, 0.0383714
0.0693107, 0.0380418
0.0693107, 0.0377122
0.0693107, 0.0373835
0.0693107, 0.0370564
0.0694503, 0.0367683
0.0694503, 0.0364463
0.0694503, 0.036128
0.0694503, 0.0358142
0.0694503, 0.0355056
0.0696542, 0.0352544
0.0696542, 0.0349578
0.0696542, 0.0346687
0.0696542, 0.0343879
0.0696542, 0.0341163
0.0696542, 0.0338547
0.0698965, 0.0336627
0.0698965, 0.0334234
0.0698965, 0.0331966
0.0698965, 0.0329832
0.0698965, 0.0327837
0.0701889, 0.0326673
0.0701889, 0.0324973
0.0701889, 0.032343
0.0701889, 0.0322051
0.0701889, 0.032084
0.070522, 0.0320566
0.070522, 0.0319701
0.070522, 0.0319014
0.070522, 0.0318509
0.070522, 0.0318188
0.0708898, 0.0318889
0.0708898, 0.0318936
0.0708898, 0.0319168
0.0708898, 0.0319584
0.0708898, 0.0320183
0.0712637, 0.032182
0.0712637, 0.0322778
0.0712637, 0.0323908
0.0712637, 0.0325205
0.0712637, 0.0326663
0.0715761, 0.0329007
0.0715761, 0.0330765
0.0715761, 0.0332656
0.0715761, 0.0334664
0.0715761, 0.0336775
0.0718408, 0.033961
0.0718408, 0.0341878
0.0718408, 0.0344195
0.0718408, 0.0346541
0.0718408, 0.0348894
0.072071, 0.0351807
0.072071, 0.0354119
0.072071, 0.0356378
0.072071, 0.0358567
0.072071, 0.0360666
0.0722587, 0.0363143
0.0722587, 0.036502
0.0722587, 0.0366762
0.0722587, 0.0368357
0.0722587, 0.0369793
0.0722587, 0.037106
0.0722587, 0.0372152
0.0724136, 0.0373471
0.0724136, 0.0374197
0.0724136, 0.0374735
0.0724136, 0.0375083
0.0724136, 0.0375242
0.0725369, 0.037554
0.0725369, 0.0375326
0.0725369, 0.0374929
0.0725369, 0.0374354
0.0725369, 0.0373604
0.0726557, 0.0372997
0.0726557, 0.0371914
0.0726557, 0.0370675
0.0726557, 0.0369288
0.0726557, 0.0367761
0.0727577, 0.0366365
0.0727577, 0.0364582
0.0727577, 0.0362687
0.0727577, 0.0360687
0.0727577, 0.0358592
0.0728474, 0.0356634
0.0728474, 0.0354374
0.0728474, 0.0352043
0.0728474, 0.0349651
0.0728474, 0.0347204
0.0729417, 0.0344937
0.0729417, 0.0342402
0.0729417, 0.0339832
0.0729417, 0.0337236
0.0729417, 0.0334619
0.0730669, 0.033228
0.0730669, 0.032964
0.0730669, 0.0326999
0.0730669, 0.0324365
0.0730669, 0.0321746
0.0732226, 0.0319499
0.0732226, 0.031693
0.0732226, 0.0314401
0.0732226, 0.0311919
0.0732226, 0.0309493
0.0733772, 0.0307464
0.0733772, 0.030517
0.0733772, 0.0302953
0.0733772, 0.030082
0.0733772, 0.0298774
0.0733772, 0.0296819
0.0735263, 0.0295265
0.0735263, 0.0293496
0.0735263, 0.0291822
0.0735263, 0.0290241
0.0735263, 0.0288752
0.0736821, 0.0287665
0.0736821, 0.0286349
0.0736821, 0.0285115
0.0736821, 0.0283959
0.0736821, 0.0282877
0.0738281, 0.0282152
0.0738281, 0.0281202
0.0738281, 0.0280311
0.0738281, 0.0279473
0.0738281, 0.0278684
0.0739755, 0.0278222
0.0739755, 0.0277511
0.0739755, 0.0276831
0.0739755, 0.0276177
0.0739755, 0.0275545
0.0741811, 0.0275325
0.0741811, 0.0274724
0.0741811, 0.0274137
0.0741811, 0.0273565
0.0741811, 0.0273011
0.0744435, 0.0272977
0.0744435, 0.0272468
0.0744435, 0.0271992
0.0744435, 0.0271558
0.0744435, 0.0271173
0.0747228, 0.0271376
0.0747228, 0.0271119
0.0747228, 0.0270941
0.0747228, 0.0270849
0.0747228, 0.0270853
0.0749804, 0.0271446
0.0749804, 0.027166
0.0749804, 0.0271985
0.0749804, 0.0272423
0.0749804, 0.0272973
0.0751946, 0.0501625
0.0751946, 0.0502383
0.0751946, 0.050324
0.0751946, 0.0504186
0.0751946, 0.050521
0.0751946, 0.0506302
0.0753887, 0.0605674
0.0753887, 0.0606864
0.0753887, 0.0608082
0.0753887, 0.0609316
0.0753887, 0.0610552
0.0755662, 0.0702112
0.0755662, 0.0703314
0.0755662, 0.070448
0.0755662, 0.07056
0.0755662, 0.0706663
0.0757161, 0.0784193
0.0757161, 0.0785115
0.0757161, 0.0785955
0.0757161, 0.0786705
0.0757161, 0.0787359
0.0758445, 0.0853412
0.0758445, 0.085386
0.0758445, 0.0854199
0.0758445, 0.0854426
0.0758445, 0.0854538
0.0759452, 0.0905987
0.0759452, 0.0905868
0.0759452, 0.0905633
0.0759452, 0.0905281
0.0759452, 0.0904814
0.0760477, 0.0956427
0.0760477, 0.0955733
0.0760477, 0.0954929
0.0760477, 0.0954019
0.0760477, 0.0953007
0.0761939, 0.102634
0.0761939, 0.102515
0.0761939, 0.102387
0.0761939, 0.102252
0.0761939, 0.102111
0.0764173, 0.113353
0.0764173, 0.113203
0.0764173, 0.113052
0.0764173, 0.1129
0.0764173, 0.112749
0.0764173, 0.112602
0.0766461, 0.124174
0.0766461, 0.124038
0.0766461, 0.123911
0.0766461, 0.123794
0.0766461, 0.123687
0.0768624, 0.134643
0.0768624, 0.134561
0.0768624, 0.134491
0.0768624, 0.134435
0.0768624, 0.134393
0.0770494, 0.143912
0.0770494, 0.143896
0.0770494, 0.143892
0.0770494, 0.143901
0.0770494, 0.14392
0.0772328, 0.153301
0.0772328, 0.153339
0.0772328, 0.153384
0.0772328, 0.153436
0.0772328, 0.153493
0.0774228, 0.163258
0.0774228, 0.163322
0.0774228, 0.163387
0.0774228, 0.163453
0.0774228, 0.163519
0.0776411, 0.174742
0.0776411, 0.174805
0.0776411, 0.174866
0.0776411, 0.174925
0.0776411, 0.174982
0.077879, 0.187209
0.077879, 0.187261
0.077879, 0.187311
0.077879, 0.187359
0.077879, 0.187405
0.078139, 0.200758
0.078139, 0.200803
0.078139, 0.200848
0.078139, 0.200895
0.078139, 0.200942
0.0784317, 0.215983
0.0784317, 0.216036
0.0784317, 0.216091
0.0784317, 0.216151
0.0784317, 0.216215
0.0784317, 0.216285
0.0787662, 0.233505
0.0787662, 0.233587
0.0787662, 0.233676
0.0787662, 0.233773
0.0787662, 0.233878
0.0791008, 0.25116
0.0791008, 0.251283
0.0791008, 0.251415
0.0791008, 0.251557
0.0791008, 0.251709
0.0794556, 0.270056
0.0794556, 0.270227
0.0794556, 0.270407
0.0794556, 0.270597
0.0794556, 0.270795
0.0797864, 0.287975
0.0797864, 0.288191
0.0797864, 0.288413
0.0797864, 0.288643
0.0797864, 0.288879
0.0800805, 0.304179
0.0800805, 0.304424
0.0800805, 0.304673
0.0800805, 0.304925
0.0800805, 0.305177
0.0803317, 0.318274
0.0803317, 0.318524
0.0803317, 0.318772
0.0803317, 0.319015
0.0803317, 0.319253
0.0805519, 0.330721
0.0805519, 0.330944
0.0805519, 0.331157
0.0805519, 0.331359
0.0805519, 0.331549
0.0808256, 0.345705
0.0808256, 0.345869
0.0808256, 0.34602
0.0808256, 0.346157
0.0808256, 0.346281
0.0811562, 0.363339
0.0811562, 0.363437
0.0811562, 0.363524
0.0811562, 0.363601
0.0811562, 0.363669
0.0811562, 0.36373
0.081502, 0.381524
0.081502, 0.381575
0.081502, 0.381625
0.081502, 0.381674
0.081502, 0.381723
0.0818451, 0.399354
0.0818451, 0.39941
0.0818451, 0.39947
0.0818451, 0.399536
0.0818451, 0.399608
0.0821957, 0.417632
0.0821957, 0.417719
0.0821957, 0.417813
0.0821957, 0.417916
0.0821957, 0.418027
0.0825534, 0.436461
0.0825534, 0.436588
0.0825534, 0.436723
0.0825534, 0.436865
0.0825534, 0.437014
0.082949, 0.457429
0.082949, 0.457591
0.082949, 0.457759
0.082949, 0.457932
0.082949, 0.458111
0.0833413, 0.478407
0.0833413, 0.478596
0.0833413, 0.47879
0.0833413, 0.478988
0.0833413, 0.479191
0.0837433, 0.499985
0.0837433, 0.500195
0.0837433, 0.500408
0.0837433, 0.500625
0.0837433, 0.500844
0.0841445, 0.521608
0.0841445, 0.521832
0.0841445, 0.522057
0.0841445, 0.522284
0.0841445, 0.522512
0.0841445, 0.52274
0.0845163, 0.541997
0.0845163, 0.542226
0.0845163, 0.542455
0.0845163, 0.542683
0.0845163, 0.54291
0.0848819, 0.561821
0.0848819, 0.562043
0.0848819, 0.562262
0.0848819, 0.562478
0.0848819, 0.562689
0.0852807, 0.583287
0.0852807, 0.583488
0.0852807, 0.583684
0.0852807, 0.583875
0.0852807, 0.584061
0.0857236, 0.0556611
0.0857236, 0.0558771
0.0857236, 0.0560879
0.0857236, 0.0562942
0.0857236, 0.056497
0.0861504, 0.0571109
0.0861504, 0.057311
0.0861504, 0.0575103
0.0861504, 0.0577097
0.0861504, 0.0579098
0.0865301, 0.0584849
0.0865301, 0.0586895
0.0865301, 0.058896
0.0865301, 0.0591041
0.0865301, 0.0593136
0.0869165, 0.0599104
0.0869165, 0.0601224
0.0869165, 0.0603342
0.0869165, 0.0605451
0.0869165, 0.0607543
0.0872813, 0.0613328
0.0872813, 0.0615382
0.0872813, 0.0617401
0.0872813, 0.0619377
0.0872813, 0.0621304
0.0876377, 0.0626858
0.0876377, 0.0628677
0.0876377, 0.0630428
0.0876377, 0.0632106
0.0876377, 0.0633706
0.0876377, 0.0635225
0.0879878, 0.0640332
0.0879878, 0.0641687
0.0879878, 0.0642953
0.0879878, 0.0644129
0.0879878, 0.0645214
0.0883141, 0.0649664
0.0883141, 0.0650577
0.0883141, 0.06514
0.0883141, 0.0652135
0.0883141, 0.0652782
0.0886541, 0.0656958
0.0886541, 0.0657434
0.0886541, 0.0657826
0.0886541, 0.0658136
0.0886541, 0.0658369
0.0889839, 0.0662049
0.0889839, 0.0662141
0.0889839, 0.066217
0.0889839, 0.0662138
0.0889839, 0.0662052
0.0893063, 0.0665351
0.0893063, 0.0665168
0.0893063, 0.0664942
0.0893063, 0.0664677
0.0893063, 0.0664377
0.0896307, 0.0667495
0.0896307, 0.0667132
0.0896307, 0.0666742
0.0896307, 0.0666328
0.0896307, 0.0665893
0.0899705, 0.0669045
0.0899705, 0.0668575
0.0899705, 0.0668092
0.0899705, 0.0667602
0.0899705, 0.0667107
0.0903602, 0.067074
0.0903602, 0.0670249
0.0903602, 0.0669771
0.0903602, 0.0669316
0.0903602, 0.0668891
0.0907549, 0.0672678
0.0907549, 0.0672341
0.0907549, 0.0672063
0.0907549, 0.0671853
0.0907549, 0.0671719
0.0907549, 0.0671667
0.0911402, 0.0675763
0.0911402, 0.067589
0.0911402, 0.0676112
0.0911402, 0.0676428
0.0911402, 0.0676838
0.0915383, 0.0681544
0.0915383, 0.068214
0.0915383, 0.0682821
0.0915383, 0.0683586
0.0915383, 0.0684428
0.0919301, 0.0689507
0.0919301, 0.0690498
0.0919301, 0.0691551
0.0919301, 0.0692661
0.0919301, 0.0693822
0.092317, 0.0699169
0.092317, 0.0700418
0.092317, 0.0701698
0.092317, 0.0703001
0.092317, 0.070432
0.0926926, 0.0709707
0.0926926, 0.0711047
0.0926926, 0.0712383
0.0926926, 0.0713708
0.0926926, 0.0715016
0.0930301, 0.0719977
0.0930301, 0.0721238
0.0930301, 0.0722461
0.0930301, 0.0723638
0.0930301, 0.072476
0.0933474, 0.0729299
0.0933474, 0.0730292
0.0933474, 0.0731206
0.0933474, 0.0732031
0.0933474, 0.0732762
0.0936718, 0.0736968
0.0936718, 0.0737492
0.0936718, 0.0737904
0.0936718, 0.0738202
0.0936718, 0.0738386
0.0940122, 0.0742224
0.0940122, 0.0742181
0.0940122, 0.074203
0.0940122, 0.0741777
0.0940122, 0.0741429
0.0940122, 0.0740993
0.0943635, 0.0744362
0.0943635, 0.0743776
0.0943635, 0.0743131
0.0943635, 0.0742438
0.0943635, 0.0741709
0.0947388, 0.0745082
0.0947388, 0.0744307
0.0947388, 0.0743527
0.0947388, 0.0742756
0.0947388, 0.0742005
0.0951243, 0.0745508
0.0951243, 0.0744824
0.0951243, 0.0744192
0.0951243, 0.074362
0.0951243, 0.0743117
0.0955419, 0.074725
0.0955419, 0.0746903
0.0955419, 0.0746647
0.0955419, 0.0746487
0.0955419, 0.074643
0.0959601, 0.0751047
0.0959601, 0.0751212
0.0959601, 0.0751493
0.0959601, 0.0751892
0.0959601, 0.0752409
0.0963567, 0.0757381
0.0963567, 0.0758136
0.0963567, 0.0759003
0.0963567, 0.0759975
0.0963567, 0.0761045
0.0967257, 0.0766259
0.0967257, 0.0767501
0.0967257, 0.0768809
0.0967257, 0.077017
0.0967257, 0.0771569
0.0970352, 0.0776415
0.0970352, 0.077785
0.0970352, 0.0779274
0.0970352, 0.0780667
0.0970352, 0.078201
0.0970352, 0.0783282
0.0973263, 0.0787714
0.0973263, 0.0788796
0.0973263, 0.0789754
0.0973263, 0.0790573
0.0973263, 0.079124
0.0976156, 0.0794993
0.0976156, 0.0795326
0.0976156, 0.0795479
0.0976156, 0.0795448
0.0976156, 0.0795232
0.0979608, 0.0798715
0.0979608, 0.0798129
0.0979608, 0.079737
0.0979608, 0.079645
0.0979608, 0.0795384
0.0983744, 0.0798833
0.0983744, 0.0797525
0.0983744, 0.0796133
0.0983744, 0.0794686
0.0983744, 0.0793212
0.0988893, 0.0797478
0.0988893, 0.0796031
0.0988893, 0.0794655
0.0988893, 0.0793385
0.0988893, 0.0792259
0.0994659, 0.0797696
0.0994659, 0.0796956
0.0994659, 0.0796466
0.0994659, 0.0796257
0.0994659, 0.0796361
0.100054, 0.0803304
0.100054, 0.0804113
0.100054, 0.0805302
0.100054, 0.0806886
0.100054, 0.0808872
0.10063, 0.0817689
0.10063, 0.0820507
0.10063, 0.0823725
0.10063, 0.0827332
0.10063, 0.0831311
0.10063, 0.0835644
0.101136, 0.0846106
0.101136, 0.0851106
0.101136, 0.0856378
0.101136, 0.0861885
0.101136, 0.0867589
0.10158, 0.0878686
0.10158, 0.0884692
0.10158, 0.0890764
0.10158, 0.0896855
0.10158, 0.090292
0.101972, 0.0913691
0.101972, 0.0919599
0.101972, 0.0925349
0.101972, 0.0930897
0.101972, 0.0936207
0.102313, 0.0945515
0.102313, 0.0950268
0.102313, 0.0954685
0.102313, 0.0958741
0.102313, 0.0962413
0.102661, 0.0970135
0.102661, 0.0973003
0.102661, 0.0975448
0.102661, 0.0977464
0.102661, 0.0979056
0.103036, 0.0985082
0.103036, 0.0985852
0.103036, 0.098623
0.103036, 0.0986236
0.103036, 0.0985895
0.103476, 0.0990953
0.103476, 0.0989998
0.103476, 0.098879
0.103476, 0.0987366
0.103476, 0.0985769
0.103927, 0.098986
0.103927, 0.0988026
0.103927, 0.0986141
0.103927, 0.0984243
0.103927, 0.0982369
0.104335, 0.0985756
0.104335, 0.0984016
0.104335, 0.0982387
0.104335, 0.0980886
0.104335, 0.0979526
0.104335, 0.0978317
0.104706, 0.0981948
0.104706, 0.0981043
0.104706, 0.0980289
0.104706, 0.0979677
0.104706, 0.0979194
0.105054, 0.09832
0.105054, 0.0982931
0.105054, 0.0982741
0.105054, 0.0982612
0.105054, 0.0982523
0.105384, 0.0986603
0.105384, 0.0986532
0.105384, 0.098644
0.105384, 0.0986307
0.105384, 0.0986116
0.105731, 0.0990194
0.105731, 0.0989837
0.105731, 0.098938
0.105731, 0.0988813
0.105731, 0.0988132
0.106131, 0.0992357
0.106131, 0.0991436
0.106131, 0.0990404
0.106131, 0.0989269
0.106131, 0.0988045
0.106545, 0.0991925
0.106545, 0.099056
0.106545, 0.0989155
0.106545, 0.0987729
0.106545, 0.09863
0.106943, 0.0989812
0.106943, 0.0988425
0.106943, 0.0987087
0.106943, 0.0985811
0.106943, 0.0984606
0.10729, 0.0987749
0.10729, 0.0986705
0.10729, 0.0985748
0.10729, 0.0984873
0.10729, 0.0984074
0.107597, 0.0987088
0.107597, 0.098641
0.107597, 0.0985775
0.107597, 0.0985164
0.107597, 0.0984561
0.107597, 0.0983947
0.107886, 0.0986813
0.107886, 0.098612
0.107886, 0.0985363
0.107886, 0.0984524
0.107886, 0.098359
0.10813, 0.0985489
0.10813, 0.0984317
0.10813, 0.0983008
0.10813, 0.098155
0.10813, 0.0979931
0.108379, 0.0981124
0.108379, 0.0979149
0.108379, 0.0976989
0.108379, 0.0974642
0.108379, 0.0972105
0.108657, 0.0972681
0.108657, 0.0969767
0.108657, 0.0966679
0.108657, 0.0963429
0.108657, 0.0960032
0.10894, 0.0959811
0.10894, 0.0956154
0.10894, 0.0952401
0.10894, 0.0948571
0.10894, 0.0944682
0.10921, 0.0943847
0.10921, 0.0939886
0.10921, 0.093592
0.10921, 0.0931966
0.10921, 0.0928035
0.109512, 0.0927524
0.109512, 0.0923664
0.109512, 0.0919864
0.109512, 0.0916135
0.109512, 0.0912488
0.109948, 0.0913755
0.109948, 0.091029
0.109948, 0.0906953
0.109948, 0.0903767
0.109948, 0.0900758
0.109948, 0.0897952
0.110514, 0.0901522
0.110514, 0.0899192
0.110514, 0.0897157
0.110514, 0.0895452
0.110514, 0.0894114
0.111112, 0.0899613
0.111112, 0.0899103
0.111112, 0.0899056
0.111112, 0.08995
0.111112, 0.0900453
0.111724, 0.090853
0.111724, 0.091056
0.111724, 0.0913136
0.111724, 0.0916258
0.111724, 0.0919919
0.112303, 0.0930459
0.112303, 0.0935194
0.112303, 0.0940422
0.112303, 0.0946115
0.112303, 0.095224
0.112832, 0.0964729
0.112832, 0.0971644
0.112832, 0.0978869
0.112832, 0.0986355
0.112832, 0.0994051
0.113273, 0.100706
0.113273, 0.101506
0.113273, 0.10231
0.113273, 0.103114
0.113273, 0.10391
0.113667, 0.105172
0.113667, 0.105942
0.113667, 0.106687
0.113667, 0.107404
0.113667, 0.108088
0.114056, 0.109223
0.114056, 0.109832
0.114056, 0.110396
0.114056, 0.110915
0.114056, 0.111385
0.114056, 0.111807
0.114056, 0.112179
0.11446, 0.113025
0.11446, 0.113301
0.11446, 0.113529
0.11446, 0.113713
0.11446, 0.113852
0.114857, 0.114471
0.114857, 0.114532
0.114857, 0.114559
0.114857, 0.114553
0.114857, 0.114519
0.115242, 0.114961
0.115242, 0.114879
0.115242, 0.114778
0.115242, 0.11466
0.115242, 0.114528
0.115569, 0.114807
0.115569, 0.114654
0.115569, 0.114494
0.115569, 0.114327
0.115569, 0.114154
0.115843, 0.114326
0.115843, 0.114143
0.115843, 0.113954
0.115843, 0.113759
0.115843, 0.113557
0.116053, 0.113612
0.116053, 0.113392
0.116053, 0.113161
0.116053, 0.112917
0.116053, 0.112658
0.116214, 0.112583
0.116214, 0.112288
0.116214, 0.111972
0.116214, 0.111634
0.116214, 0.111271
0.116335, 0.111029
0.116335, 0.110611
0.116335, 0.110165
0.116335, 0.109689
0.116335, 0.109181
0.116439, 0.108765
0.116439, 0.108193
0.116439, 0.107588
0.116439, 0.106952
0.116439, 0.106284
0.116439, 0.105585
0.116506, 0.10493
0.116506, 0.104173
0.116506, 0.103387
0.116506, 0.102576
0.116506, 0.10174
0.116544, 0.10092
0.116544, 0.100038
0.116544, 0.0991362
0.116544, 0.0982151
0.116544, 0.0972764
0.116593, 0.0963699
0.116593, 0.0953995
0.116593, 0.094416
0.116593, 0.0934208
0.116593, 0.0924158
0.11665, 0.0914583
0.11665, 0.0904384
0.11665, 0.0894142
0.11665, 0.0883876
0.11665, 0.0873604
0.116701, 0.0863816
0.116701, 0.0853585
0.116701, 0.0843402
0.116701, 0.0833284
0.116701, 0.0823245
0.11672, 0.0813445
0.11672, 0.0803597
0.11672, 0.0793858
0.11672, 0.0784233
0.11672, 0.0774723
0.116717, 0.0765278
0.116717, 0.0756
0.116717, 0.0746833
0.116717, 0.0737771
0.116717, 0.0728807
0.116699, 0.071976
0.116699, 0.071097
0.116699, 0.0702254
0.116699, 0.06936
0.116699, 0.0685002
0.116687, 0.0676338
0.116687, 0.0667825
0.116687, 0.0659342
0.116687, 0.0650886
0.116687, 0.0642453
0.116687, 0.063404
0.116691, 0.0625664
0.116691, 0.0617291
0.116691, 0.0608941
0.116691, 0.0600618
0.116691, 0.0592328
0.116676, 0.0583968
0.116676, 0.0575766
0.116676, 0.0567615
0.116676, 0.0559522
0.116676, 0.0551492
0.116673, 0.0543496
0.116673, 0.0535603
0.116673, 0.0527785
0.116673, 0.0520046
0.116673, 0.0512391
0.1167, 0.0504972
0.1167, 0.0497498
0.1167, 0.0490124
0.1167, 0.0482858
0.1167, 0.0475708
0.116791, 0.0469152
0.116791, 0.0462254
0.116791, 0.0455504
0.116791, 0.0448915
0.116791, 0.0442504
0.116996, 0.0437291
0.116996, 0.0431273
0.116996, 0.0425492
0.116996, 0.0419975
0.116996, 0.041475
0.117338, 0.0825571
0.117338, 0.0821086
0.117338, 0.0816983
0.117338, 0.0813299
0.117338, 0.0810072
0.117832, 0.096763
0.117832, 0.0965427
0.117832, 0.0963797
0.117832, 0.0962781
0.117832, 0.096242
0.117832, 0.0962752
0.118485, 0.133033
0.118485, 0.133214
0.118485, 0.133475
0.118485, 0.133818
0.118485, 0.134246
0.11916, 0.177714
0.11916, 0.178319
0.11916, 0.179015
0.11916, 0.179801
0.11916, 0.180679
0.119778, 0.222315
0.119778, 0.22337
0.119778, 0.224508
0.119778, 0.225726
0.119778, 0.227018
0.120294, 0.262733
0.120294, 0.264156
0.120294, 0.265633
0.120294, 0.267156
0.120294, 0.268715
0.120743, 0.30031
0.120743, 0.301916
0.120743, 0.30353
0.120743, 0.305144
0.120743, 0.306748
0.121159, 0.336199
0.121159, 0.337758
0.121159, 0.339282
0.121159, 0.340766
0.121159, 0.342202
0.121573, 0.371374
0.121573, 0.3727
0.121573, 0.373966
0.121573, 0.375168
0.121573, 0.376305
0.122002, 0.40612
0.122002, 0.407126
0.122002, 0.408065
0.122002, 0.408941
0.122002, 0.409754
0.122002, 0.410508
0.12247, 0.442671
0.12247, 0.443315
0.12247, 0.443911
0.12247, 0.444462
0.12247, 0.444972
0.122991, 0.480481
0.122991, 0.480926
0.122991, 0.481346
0.122991, 0.481746
0.122991, 0.482131
0.123531, 0.518828
0.123531, 0.519198
0.123531, 0.519567
0.123531, 0.51994
0.123531, 0.520321
0.124034, 0.554535
0.124034, 0.55494
0.124034, 0.55536
0.124034, 0.555798
0.124034, 0.556254
0.124505, 0.588287
0.124505, 0.588779
0.124505, 0.589288
0.124505, 0.589812
0.124505, 0.59035
0.124935, 0.619721
0.124935, 0.62028
0.124935, 0.620846
0.124935, 0.621416
0.124935, 0.621986
0.125336, 0.649379
0.125336, 0.649941
0.125336, 0.650495
0.125336, 0.651036
0.125336, 0.651563
0.125719, 0.677684
0.125719, 0.678173
0.125719, 0.67864
0.125719, 0.679082
0.125719, 0.679499
0.12608, 0.704012
0.12608, 0.704373
0.12608, 0.704704
0.12608, 0.705005
0.12608, 0.705275
0.12608, 0.705515
0.126423, 0.728596
0.126423, 0.728775
0.126423, 0.728925
0.126423, 0.729046
0.126423, 0.729139
0.126788, 0.753561
0.126788, 0.753601
0.126788, 0.753616
0.126788, 0.753608
0.126788, 0.753579
0.127188, 0.780251
0.127188, 0.780186
0.127188, 0.780106
0.127188, 0.780015
0.127188, 0.779913
0.127592, 0.806831
0.127592, 0.806719
0.127592, 0.806605
0.127592, 0.806492
0.127592, 0.806381
0.128001, 0.833609
0.128001, 0.83351
0.128001, 0.833418
0.128001, 0.833337
0.128001, 0.833266
0.128415, 0.860848
0.128415, 0.860801
0.128415, 0.860766
0.128415, 0.860745
0.128415, 0.860737
0.128846, 0.889518
0.128846, 0.889537
0.128846, 0.889568
0.128846, 0.889612
0.128846, 0.889668
0.129268, 0.917857
0.129268, 0.917937
0.129268, 0.918028
0.129268, 0.918128
0.129268, 0.918239
0.129672, 0.945326
0.129672, 0.945452
0.129672, 0.945585
0.129672, 0.945724
0.129672, 0.945866
0.129672, 0.946012
0.130061, 0.972088
0.130061, 0.972236
0.130061, 0.972383
0.130061, 0.972528
0.130061, 0.97267
0.130449, 0.998614
0.130449, 0.998747
0.130449, 0.998872
0.130449, 0.998991
0.130449, 0.999102
0.130874, 1.02759
0.130874, 1.02769
0.130874, 1.02777
0.130874, 1.02785
0.130874, 1.02792
0.131326, 1.0582
0.131326, 1.05826
0.131326, 1.05831
0.131326, 1.05836
0.131326, 1.05841
0.13184, 1.09279
0.13184, 1.09284
0.13184, 1.09289
0.13184, 1.09295
0.13184, 1.09301
0.132428, 1.13248
0.132428, 1.13257
0.132428, 1.13267
0.132428, 1.13279
0.132428, 1.13293
0.133013, 1.17237
0.133013, 1.17255
0.133013, 1.17277
0.133013, 1.17301
0.133013, 1.17328
0.133589, 1.21208
0.133589, 1.21241
0.133589, 1.21277
0.133589, 1.21316
0.133589, 1.21358
0.134143, 1.25112
0.134143, 1.25159
0.134143, 1.25209
0.134143, 1.2526
0.134143, 1.25314
0.134143, 1.25369
0.134656, 1.28852
0.134656, 1.28909
0.134656, 1.28967
0.134656, 1.29026
0.134656, 1.29084
0.135122, 1.32246
0.135122, 1.32304
0.135122, 1.32361
0.135122, 1.32416
0.135122, 1.3247
0.135574, 1.35536
0.135574, 1.35586
0.135574, 1.35634
0.135574, 1.35679
0.135574, 1.35722
0.135999, 1.38592
0.135999, 1.38628
0.135999, 1.38662
0.135999, 1.38692
0.135999, 1.38719
0.136418, 1.41538
0.136418, 1.41559
0.136418, 1.41576
0.136418, 1.4159
0.136418, 1.41602
0.136857, 1.44537
0.136857, 1.44542
0.136857, 1.44545
0.136857, 1.44545
0.136857, 1.44543
0.137305, 1.47524
0.137305, 1.47518
0.137305, 1.47511
0.137305, 1.47502
0.137305, 1.47492
0.137789, 1.50713
0.137789, 1.50701
0.137789, 1.50689
0.137789, 1.50677
0.137789, 1.50665
0.138283, 1.53955
0.138283, 1.53944
0.138283, 1.53933
0.138283, 1.53924
0.138283, 1.53915
0.138283, 1.53908
0.138816, 1.57467
0.138816, 1.57463
0.138816, 1.5746
0.138816, 1.57459
0.138816, 1.57459
0.139381, 1.61242
0.139381, 1.61247
0.139381, 1.61253
0.139381, 1.61261
0.139381, 1.61272
0.139941, 1.65031
0.139941, 1.65045
0.139941, 1.65062
0.139941, 1.65081
0.139941, 1.65102
0.140406, 1.6823
0.140406, 1.68254
0.140406, 1.6828
0.140406, 1.68308
0.140406, 1.68336
0.140774, 1.70806
0.140774, 1.70836
0.140774, 1.70866
0.140774, 1.70895
0.140774, 1.70924
0.14107, 1.72905
0.14107, 1.72931
0.14107, 1.72954
0.14107, 1.72974
0.14107, 1.72991
0.141289, 1.74435
0.141289, 1.74445
0.141289, 1.7445
0.141289, 1.7445
0.141289, 1.74446
0.141462, 1.75563
0.141462, 1.75547
0.141462, 1.75526
0.141462, 1.755
0.141462, 1.75467
0.141594, 1.76283
0.141594, 1.76239
0.141594, 1.76189
0.141594, 1.76134
0.141594, 1.76073
0.141594, 1.76006
0.141687, 1.76525
0.141687, 1.76448
0.141687, 1.76367
0.141687, 1.76281
0.141687, 1.76191
0.141766, 1.766
0.141766, 1.76503
0.141766, 1.76402
0.141766, 1.76299
0.141766, 1.76192
0.141831, 1.76492
0.141831, 1.76381
0.141831, 1.76268
0.141831, 1.76154
0.141831, 1.76038
0.141868, 1.76141
0.141868, 1.76023
0.141868, 1.75905
0.141868, 1.75787
0.141868, 1.75668
0.141915, 1.75835
0.141915, 1.75716
0.141915, 1.75598
0.141915, 1.7548
0.141915, 1.75362
0.141976, 1.75633
0.141976, 1.75517
0.141976, 1.75401
0.141976, 1.75287
0.141976, 1.75174
0.142042, 1.75489
0.142042, 1.75378
0.142042, 1.75268
0.142042, 1.75161
0.142042, 1.75054
0.142111, 1.75398
0.142111, 1.75294
0.142111, 1.75193
0.142111, 1.75094
0.142111, 1.74996
0.142178, 1.75329
0.142178, 1.75235
0.142178, 1.75143
0.142178, 1.75052
0.142178, 1.74964
0.142178, 1.74877
0.142242, 1.7521
0.142242, 1.75127
0.142242, 1.75046
0.142242, 1.74966
0.142242, 1.74888
0.142329, 1.7538
0.142329, 1.75305
0.142329, 1.75231
0.142329, 1.75159
0.142329, 1.75087
0.142414, 1.75582
0.142414, 1.75514
0.142414, 1.75447
0.142414, 1.75381
0.142414, 1.75317
0.142466, 1.7559
0.142466, 1.75529
0.142466, 1.75468
0.142466, 1.75408
0.142466, 1.7535
0.142495, 1.75477
0.142495, 1.7542
0.142495, 1.75364
0.142495, 1.75309
0.142495, 1.75254
0.142491, 1.7516
0.142491, 1.75106
0.142491, 1.75052
0.142491, 1.74998
0.142491, 1.74944
0.142372, 1.74081
0.142372, 1.74026
0.142372, 1.7397
0.142372, 1.73914
0.142372, 1.73856
0.142146, 1.72272
0.142146, 1.72212
0.142146, 1.7215
0.142146, 1.72085
0.142146, 1.72017
0.141788, 1.69556
0.141788, 1.69483
0.141788, 1.69406
0.141788, 1.69325
0.141788, 1.69239
0.141788, 1.6915
0.141403, 1.66306
0.141403, 1.66207
0.141403, 1.66102
0.141403, 1.65992
0.141403, 1.65877
0.141032, 1.62881
0.141032, 1.62755
0.141032, 1.62625
0.141032, 1.62489
0.141032, 1.62349
0.140674, 1.5929
0.140674, 1.59141
0.140674, 1.58989
0.140674, 1.58834
0.140674, 1.58676
0.140287, 1.55425
0.140287, 1.55264
0.140287, 1.55105
0.140287, 1.54946
0.140287, 1.54792
0.139934, 1.5176
0.139934, 1.51621
0.139934, 1.51496
0.139934, 1.51392
0.139934, 1.51315
0.139575, 1.48484
0.139575, 1.48483
0.139575, 1.48524
0.139575, 1.48606
0.139575, 1.48722
0.13923, 1.46295
0.13923, 1.46462
0.13923, 1.46645
0.13923, 1.46841
0.13923, 1.47046
0.138855, 1.44614
0.138855, 1.44831
0.138855, 1.45052
0.138855, 1.45275
0.138855, 1.455
0.138515, 1.43412
0.138515, 1.43638
0.138515, 1.43863
0.138515, 1.44089
0.138515, 1.44315
0.138515, 1.44541
0.138114, 1.42337
0.138114, 1.42565
0.138114, 1.42793
0.138114, 1.43023
0.138114, 1.43252
0.137708, 1.41519
0.137708, 1.41749
0.137708, 1.41977
0.137708, 1.42203
0.137708, 1.42426
0.137292, 1.39993
0.137292, 1.40208
0.137292, 1.40418
0.137292, 1.4062
0.137292, 1.40813
0.136952, 1.40261
0.136952, 1.40432
0.136952, 1.40589
0.136952, 1.40734
0.136952, 1.40864
0.136582, 1.3974
0.136582, 1.39843
0.136582, 1.39932
0.136582, 1.40008
0.136582, 1.40072
0.13599, 1.39971
0.13599, 1.4001
0.13599, 1.40038
0.13599, 1.40054
0.13599, 1.40061
0.124524, 0.708627
0.124524, 0.708568
0.124524, 0.708567
0.124524, 0.708761
0.124524, 0.709311
0.121215, 0.547932
0.121215, 0.549709
0.121215, 0.55232
0.121215, 0.555868
0.121215, 0.560427
0.120328, 0.464426
0.120328, 0.471094
0.120328, 0.47878
0.120328, 0.487413
0.120328, 0.49689
0.120328, 0.507088
0.118545, 0.406035
0.118545, 0.417249
0.118545, 0.428752
0.118545, 0.440404
0.118545, 0.452075
0.116536, 0.227408
0.116536, 0.238844
0.116536, 0.249969
0.116536, 0.2607
0.116536, 0.27097
0.114322, 0.273733
0.114322, 0.28271
0.114322, 0.291124
0.114322, 0.298963
0.114322, 0.306226
0.111945, 0.304347
0.111945, 0.31032
0.111945, 0.31578
0.111945, 0.320756
0.111945, 0.325281
0.109556, 0.320083
0.109556, 0.323717
0.109556, 0.327028
0.109556, 0.330057
0.109556, 0.332844
0.107181, 0.325769
0.107181, 0.328117
0.107181, 0.330337
0.107181, 0.332461
0.107181, 0.334518
0.104845, 0.326757
0.104845, 0.328697
0.104845, 0.33064
0.104845, 0.332602
0.104845, 0.334597
0.102626, 0.327105
0.102626, 0.329136
0.102626, 0.331222
0.102626, 0.333367
0.102626, 0.33557
0.100533, 0.328583
0.100533, 0.330833
0.100533, 0.33313
0.100533, 0.335468
0.100533, 0.337839
0.0985526, 0.331201
0.0985526, 0.333548
0.0985526, 0.3359
0.0985526, 0.338248
0.0985526, 0.340581
0.0985526, 0.342891
0.0966704, 0.33624
0.0966704, 0.338417
0.0966704, 0.340546
0.0966704, 0.342617
0.0966704, 0.344625
0.0948877, 0.337862
0.0948877, 0.339677
0.0948877, 0.341413
0.0948877, 0.343066
0.0948877, 0.344632
0.0931576, 0.337482
0.0931576, 0.338832
0.0931576, 0.340092
0.0931576, 0.341261
0.0931576, 0.342339
0.0914435, 0.334659
0.0914435, 0.335534
0.0914435, 0.336325
0.0914435, 0.337033
0.0914435, 0.337662
0.089708, 0.329387
0.089708, 0.329855
0.089708, 0.330257
0.089708, 0.330596
0.089708, 0.330879
0.0879624, 0.322248
0.0879624, 0.322426
0.0879624, 0.322563
0.0879624, 0.322664
0.0879624, 0.322734
0.086184, 0.313831
0.086184, 0.313851
0.086184, 0.313854
0.086184, 0.313844
0.086184, 0.313824
0.0844247, 0.305088
0.0844247, 0.305061
0.0844247, 0.305035
0.0844247, 0.305012
0.0844247, 0.304993
0.0826589, 0.296464
0.0826589, 0.296461
0.0826589, 0.296467
0.0826589, 0.296482
0.0826589, 0.296508
0.0808973, 0.288418
0.0808973, 0.288463
0.0808973, 0.288518
0.0808973, 0.288584
0.0808973, 0.288658
0.0808973, 0.288741
0.0791499, 0.281435
0.0791499, 0.281531
0.0791499, 0.281633
0.0791499, 0.28174
0.0791499, 0.281851
0.077427, 0.275962
0.077427, 0.276076
0.077427, 0.276192
0.077427, 0.276307
0.077427, 0.276421
0.0757698, 0.27309
0.0757698, 0.273197
0.0757698, 0.2733
0.0757698, 0.273396
0.0757698, 0.273486
0.0741618, 0.254664
0.0741618, 0.25473
0.0741618, 0.254786
0.0741618, 0.25483
0.0741618, 0.254861
0.0726337, 0.252184
0.0726337, 0.252186
0.0726337, 0.252173
0.0726337, 0.252142
0.0726337, 0.252094
0.0711418, 0.249399
0.0711418, 0.249313
0.0711418, 0.249206
0.0711418, 0.249079
0.0711418, 0.24893
0.0697265, 0.246272
0.0697265, 0.246082
0.0697265, 0.245869
0.0697265, 0.245635
0.0697265, 0.245379
0.0683452, 0.242686
0.0683452, 0.242388
0.0683452, 0.242068
0.0683452, 0.241727
0.0683452, 0.241365
0.066972, 0.238599
0.066972, 0.2382
0.066972, 0.237782
0.066972, 0.237345
0.066972, 0.236892
0.0655947, 0.234055
0.0655947, 0.233575
0.0655947, 0.233081
0.0655947, 0.232575
0.0655947, 0.232058
0.0655947, 0.231531
0.0641828, 0.228605
0.0641828, 0.22807
0.0641828, 0.22753
0.0641828, 0.226987
0.0641828, 0.226443
0.0627157, 0.223446
0.0627157, 0.22291
0.0627157, 0.222378
0.0627157, 0.22185
0.0627157, 0.221331
0.0611826, 0.21829
0.0611826, 0.217795
0.0611826, 0.217313
0.0611826, 0.216843
0.0611826, 0.21639
0.0596454, 0.213446
0.0596454, 0.213031
0.0596454, 0.212636
0.0596454, 0.21226
0.0596454, 0.211905
0.058105, 0.209084
0.058105, 0.208774
0.058105, 0.208485
0.058105, 0.208217
0.058105, 0.207969
0.0565741, 0.205289
0.0565741, 0.205083
0.0565741, 0.204895
0.0565741, 0.204724
0.0565741, 0.204569
0.0550655, 0.202026
0.0550655, 0.201902
0.0550655, 0.201789
0.0550655, 0.201688
0.0550655, 0.201597
0.0535208, 0.199065
0.0535208, 0.198989
0.0535208, 0.19892
0.0535208, 0.198854
0.0535208, 0.198793
0.0519747, 0.196294
0.0519747, 0.196239
0.0519747, 0.196185
0.0519747, 0.196133
0.0519747, 0.196082
0.0504726, 0.19367
0.0504726, 0.19362
0.0504726, 0.193571
0.0504726, 0.193521
0.0504726, 0.193471
0.0504726, 0.19342
0.0490258, 0.191102
0.0490258, 0.191048
0.0490258, 0.190991
0.0490258, 0.190931
0.0490258, 0.190867
0.0476044, 0.188588
0.0476044, 0.188516
0.0476044, 0.188438
0.0476044, 0.188354
0.0476044, 0.188264
0.0462302, 0.186044
0.0462302, 0.18594
0.0462302, 0.185828
0.0462302, 0.185707
0.0462302, 0.185577
0.044869, 0.183363
0.044869, 0.183216
0.044869, 0.18306
0.044869, 0.182894
0.044869, 0.182719
0.0435178, 0.180509
0.0435178, 0.180316
0.0435178, 0.180115
0.0435178, 0.179904
0.0435178, 0.179684
0.0421439, 0.177457
0.0421439, 0.177225
0.0421439, 0.176985
0.0421439, 0.176739
0.0421439, 0.176488
0.0407346, 0.174277
0.0407346, 0.174021
0.0407346, 0.173761
0.0407346, 0.1735
0.0407346, 0.173239
0.0392767, 0.171129
0.0392767, 0.170873
0.0392767, 0.170619
0.0392767, 0.17037
0.0392767, 0.170125
0.0377459, 0.16831
0.0377459, 0.168081
0.0377459, 0.167861
0.0377459, 0.167651
0.0377459, 0.167452
0.0361667, 0.166399
0.0361667, 0.166226
0.0361667, 0.166066
0.0361667, 0.165922
0.0361667, 0.165793
0.0361667, 0.165681
0.0344987, 0.159164
0.0344987, 0.159089
0.0344987, 0.159031
0.0344987, 0.15899
0.0344987, 0.158968
0.0327258, 0.150911
0.0327258, 0.150925
0.0327258, 0.150956
0.0327258, 0.151007
0.0327258, 0.151076
0.0308327, 0.14256
0.0308327, 0.142662
0.0308327, 0.142783
0.0308327, 0.142923
0.0308327, 0.143083
0.0288183, 0.134074
0.0288183, 0.134262
0.0288183, 0.13447
0.0288183, 0.134698
0.0288183, 0.134946
0.0267272, 0.125608
0.0267272, 0.125878
0.0267272, 0.126168
0.0267272, 0.126478
0.0267272, 0.126809
0.0246145, 0.117344
0.0246145, 0.117686
0.0246145, 0.118047
0.0246145, 0.118424
0.0246145, 0.118819
0.022461, 0.109088
0.022461, 0.109479
0.022461, 0.109883
0.022461, 0.1103
0.022461, 0.110728
0.0203444, 0.101025
0.0203444, 0.101433
0.0203444, 0.10185
0.0203444, 0.102273
0.0203444, 0.102703
0.0182726, 0.093027
0.0182726, 0.0934218
0.0182726, 0.0938188
0.0182726, 0.0942169
0.0182726, 0.0946148
0.0162419, 0.0849265
0.0162419, 0.0852792
0.0162419, 0.085629
0.0162419, 0.0859749
0.0162419, 0.086316
0.0162419, 0.0866517
0.014225, 0.0767781
0.014225, 0.0770628
0.014225, 0.0773409
0.014225, 0.077612
0.014225, 0.0778758
0.0122199, 0.0678918
0.0122199, 0.0681076
0.0122199, 0.0683165
0.0122199, 0.0685184
0.0122199, 0.0687133
0.0101515, 0.0583415
0.0101515, 0.0584949
0.0101515, 0.0586428
0.0101515, 0.0587853
0.0101515, 0.0589228
0.00806786, 0.0485349
0.00806786, 0.0486405
0.00806786, 0.048743
0.00806786, 0.0488426
0.00806786, 0.0489397
0.00597586, 0.0388254
0.00597586, 0.0388991
0.00597586, 0.0389716
0.00597586, 0.0390431
0.00597586, 0.0391139
0.00388811, 0.0298406
0.00388811, 0.0298938
0.00388811, 0.0299468
0.00388811, 0.0299996
0.00388811, 0.0300525
0.00179885, 0.0228322
0.00179885, 0.0228724
0.00179885, 0.0229127
0.00179885, 0.0229531
0.00179885, 0.0229935
-0.000343223, 0
-0.000343223, 0
-0.000343223, 0
-0.000343223, 0
-0.000343223, 0
-0.00252817, 0
-0.00252817, 0
-0.00252817, 0
-0.00252817, 0
-0.00252817, 0
-0.00252817, 0
-0.00476991, 0
-0.00476991, 0
-0.00476991, 0
-0.00476991, 0
-0.00476991, 0
-0.00692637, 0
-0.00692637, 0
-0.00692637, 0
-0.00692637, 0
-0.00692637, 0
-0.00903353, 0
-0.00903353, 0
-0.00903353, 0
-0.00903353, 0
-0.00903353, 0
-0.0110542, 0
-0.0110542, 0
-0.0110542, 0
-0.0110542, 0
-0.0110542, 0
-0.0129405, 0
-0.0129405, 0
-0.0129405, 0
-0.0129405, 0
-0.0129405, 0
-0.014699, 0
-0.014699, 0
-0.014699, 0
-0.014699, 0
-0.014699, 0
-0.0163861, 0
-0.0163861, 0
-0.0163861, 0
-0.0163861, 0
-0.0163861, 0
-0.0179992, 0
-0.0179992, 0
-0.0179992, 0
-0.0179992, 0
-0.0179992, 0
-0.0195599, 0
-0.0195599, 0
-0.0195599, 0
-0.0195599, 0
-0.0195599, 0
-0.0210663, 0
-0.0210663, 0
-0.0210663, 0
-0.0210663, 0
-0.0210663, 0
-0.0210663, 0
-0.0225933, 0
-0.0225933, 0
-0.0225933, 0
-0.0225933, 0
-0.0225933, 0
-0.0241822, 0
-0.0241822, 0
-0.0241822, 0
-0.0241822, 0
-0.0241822, 0
-0.0258995, 0
-0.0258995, 0
-0.0258995, 0
-0.0258995, 0
-0.0258995, 0
-0.0278352, 0
-0.0278352, 0
-0.0278352, 0
-0.0278352, 0
-0.0278352, 0
-0.0299679, 0
-0.0299679, 0
-0.0299679, 0
-0.0299679, 0
-0.0299679, 0
-0.0322509, 0
-0.0322509, 0
-0.0322509, 0
-0.0322509, 0
-0.0322509, 0
-0.0347051, 0
-0.0347051, 0
-0.0347051, 0
-0.0347051, 0
-0.0347051, 0
-0.0372527, 0
-0.0372527, 0
-0.0372527, 0
-0.0372527, 0
-0.0372527, 0
-0.0397618, 0
-0.0397618, 0
-0.0397618, 0
-0.0397618, 0
-0.0397618, 0
-0.0397618, 0
-0.0421943, 0
-0.0421943, 0
-0.0421943, 0
-0.0421943, 0
-0.0421943, 0
-0.0444221, 0
-0.0444221, 0
-0.0444221, 0
-0.0444221, 0
-0.0444221, 0
-0.0464101, 0
-0.0464101, 0
-0.0464101, 0
-0.0464101, 0
-0.0464101, 0
-0.0481035, 0
-0.0481035, 0
-0.0481035, 0
-0.0481035, 0
-0.0481035, 0
-0.0495641, 0
-0.0495641, 0
-0.0495641, 0
-0.0495641, 0
-0.0495641, 0
-0.0508835, 0
-0.0508835, 0
-0.0508835, 0
-0.0508835, 0
-0.0508835, 0
-0.0521958, 0
-0.0521958, 0
-0.0521958, 0
-0.0521958, 0
-0.0521958, 0
-0.0535569, 0
-0.0535569, 0
-0.0535569, 0
-0.0535569, 0
-0.0535569, 0
-0.0549777, 0
-0.0549777, 0
-0.0549777, 0
-0.0549777, 0
-0.0549777, 0
-0.0549777, 0
-0.0564696, 0
-0.0564696, 0
-0.0564696, 0
-0.0564696, 0
-0.0564696, 0
-0.0580297, 0
-0.0580297, 0
-0.0580297, 0
-0.0580297, 0
-0.0580297, 0
-0.0595943, 0
-0.0595943, 0
-0.0595943, 0
-0.0595943, 0
-0.0595943, 0
-0.0609716, 0
-0.0609716, 0
-0.0609716, 0
-0.0609716, 0
-0.0609716, 0
-0.0620608, 0
-0.0620608, 0
-0.0620608, 0
-0.0620608, 0
-0.0620608, 0
-0.0628437, 0
-0.0628437, 0
-0.0628437, 0
-0.0628437, 0
-0.0628437, 0
-0.0632747, 0
-0.0632747, 0
-0.0632747, 0
-0.0632747, 0
-0.0632747, 0
-0.0634332, 0
-0.0634332, 0
-0.0634332, 0
-0.0634332, 0
-0.0634332, 0
-0.0633297, 0
-0.0633297, 0
-0.0633297, 0
-0.0633297, 0
-0.0633297, 0
-0.0633297, 0
-0.0630287, 0
-0.0630287, 0
-0.0630287, 0
-0.0630287, 0
-0.0630287, 0
-0.0626304, 0
-0.0626304, 0
-0.0626304, 0
-0.0626304, 0
-0.0626304, 0
-0.0621842, 0
-0.0621842, 0
-0.0621842, 0
-0.0621842, 0
-0.0621842, 0
-0.061717, 0
-0.061717, 0
